19

C 1.058961511 0.346388638 0.153011158
H -0.166164264 0.210872799 0.120139048
C -0.123460762 0.192133173 0.029837206
H 0.707452595 0.014257088 -0.621595502
N -0.527306557 0.187258318 0.068503648
O -2.726246834 -0.974392772 1.175149083
C 1.042944074 0.324954629 0.056324005
H -0.332234830 0.153620154 -0.065895185
H -0.128143743 0.127090186 0.007616982
O -0.457474649 0.164964959 -0.166547790
H -0.167152748 -0.032106087 -0.159796372
H 0.817162395 0.189083114 0.011863574
C -0.319939375 0.053600743 -0.117468998
H -0.170354292 0.166248366 -0.169182062
H -0.695369065 0.042565435 -0.204418808
O 0.131915227 -0.285904884 -0.249881819
O 2.704257488 -1.698960185 0.349863291
O -0.180210575 0.018939927 -0.050931975
O -0.468635559 0.799386382 -0.166589379
