19

H -6.006138325 -9.204095840 -1.803079367
H -7.229142189 -8.702317238 -2.103713036
H -5.813375950 -9.805053711 -1.966166735
H -5.841175556 -9.167388916 -1.914326429
O -19.863065720 35.819602966 41.260036469
O 75.457389832 109.419609070 -59.586894989
H -5.795354366 -9.315357208 -1.932247639
H -6.018850803 -9.324535370 -2.050184965
O -5.621808052 -12.581488609 -8.788182259
H -5.761684895 -9.187929153 -1.989907980
H -5.867074490 -9.473159790 -2.238869667
O 31.567239761 -16.036499023 -11.286412239
O -7.527569771 -11.222386360 -2.577142715
H -5.821571827 -9.891907692 -1.529281378
O -6.216997147 -9.363658905 -1.604395628
O 4.607692242 14.901557922 66.925544739
H -6.729496002 -8.452644348 -2.658996820
H -5.820166588 -9.034336090 -1.880733728
H -5.698852062 -9.378023148 -2.275053978
