19

O 8.821519852 22.537855148 -7.130748272
H 7.192831516 6.421481133 4.635268688
H 8.677462578 5.490857124 0.082773626
O -136.026870728 66.124740601 2.901156902
H 5.687917709 8.170978546 1.766870260
O 40.301906586 32.439563751 -30.214376450
F 6.964333534 9.650658607 0.804441571
H 5.699253082 6.354287624 -2.859383106
O 70.394943237 -119.154029846 -99.622642517
O 9.465091705 -3.956246853 5.870605469
O 16.275568008 41.412002563 23.312437057
O 108.535835266 -8.106047630 23.508966446
O -32.475498199 -21.577678680 97.120155334
H 5.568818092 8.453987122 -1.490853906
H 6.332671642 6.413303375 0.324579477
O -148.428131104 -81.154045105 -17.620756149
H 4.842290401 6.715266705 -2.880738258
H 6.787117004 7.514321804 0.091200590
H 5.382950306 6.248753548 1.401058555
