19

H 3.118896961 0.770011187 1.607830048
C 0.367520303 -0.076563910 -0.152915597
C 0.531077743 -1.296951294 -0.677663207
H 1.602560282 -1.747245669 -0.857392311
H -2.793859005 0.253605545 1.339199781
H 3.236511946 0.209113061 -0.085155793
C 2.635148525 0.139157042 0.831538677
O -2.572783470 0.942738771 0.657730937
C -0.501873314 -1.672452569 -1.413230181
C -1.457538366 -0.677200973 -1.209020138
C -0.945013225 0.309634775 -0.188500836
H 2.627547979 -1.026117086 1.219733119
H -0.656784773 -2.438445091 -1.874990463
F 1.216128945 0.437414169 0.849241018
H -2.605666399 -0.865234494 -1.423853278
H -1.192879677 1.899389744 1.022559643
C -1.757443428 1.408910632 0.203122273
H 1.155977726 1.395640850 0.680428267
H -2.007528305 2.034595490 -0.528662145
