19

H 1.741544366 0.207366496 0.576306164
C -0.288936198 -0.495774925 -0.451098830
O -0.226064563 -0.470378697 -0.336220443
H 0.846881568 -0.680420160 -0.639390111
H -1.250458717 0.018845849 0.329728097
C 2.846966743 0.012548549 -0.407909781
H 1.610737681 -0.269693851 0.264453501
O -1.997382402 0.654917181 0.223974913
O 0.063121393 -0.272320271 -0.165874273
O -0.635733008 -0.211871788 -0.300799340
C -0.670404434 0.126044527 0.159724399
H 2.334766150 -0.730019450 1.060900688
O -0.061135411 0.044589169 0.036207881
H 0.251170874 -0.336506486 0.176230893
H -1.958624721 -0.761693060 -0.971676588
H -1.232481480 1.125556469 0.677430689
O -0.282534003 -0.009738907 -0.011755530
C 0.461504608 0.372438490 0.288297564
H -1.552938700 1.676110864 -0.508529961
