19

N 0.246758774 0.181600615 0.035040539
H 0.178074226 0.141406700 0.040968839
O 0.215992764 0.256864518 0.116872817
H -0.003042266 0.250707388 0.247266561
H 0.265315652 -0.007952670 -0.149423435
O -4.463959217 -1.545598745 1.302206635
N 0.082335666 0.099397205 -0.078827724
O 1.882570386 0.580921233 -1.935148835
H 0.153466001 0.181592807 0.043921452
H 0.081241980 0.122335158 0.254945219
H 0.183862835 0.123123460 0.031610701
H 0.224115148 0.192830130 -0.031948294
O 0.182743549 0.341754317 0.157522440
H -0.035616443 0.178348631 -0.246899217
H -0.177205965 0.059843175 0.204081714
O -0.027395055 0.309020936 0.208883137
H 0.115092352 0.067126714 0.108034864
H 0.063310042 -0.146350577 -0.081635058
O 0.832340062 -1.386970997 -0.227472454
