19

O 6.023302555 -6.060129166 -4.839176178
H 6.454888344 -6.225098610 -4.567164421
F 6.133788586 -6.354636669 -4.780214787
H 6.330636978 -6.401663303 -4.767057896
O 9.251951218 -6.868929386 -6.054504871
O -4.063705921 -11.045860291 -1.584793925
H 6.327656746 -6.377052784 -4.780941010
O 6.899126530 -7.053593159 -5.192460537
H 6.290680408 -6.326659679 -4.687119007
H 6.042770386 -6.370995998 -4.722366333
H 6.975264549 -6.974345684 -4.923930645
C 6.209251881 -6.331382751 -4.756005287
O 10.354046822 -11.258613586 -8.091293335
H 6.268171310 -6.420737743 -4.771220207
H 6.280444622 -6.411313057 -4.690887928
O -44.491962433 81.512535095 21.523265839
H 6.253703117 -6.406461239 -4.754254818
H 6.266531467 -6.399660587 -4.741443157
O -59.806549072 37.774597168 61.181568146
