19

O 1.239199758 0.065655999 0.411860347
C -0.135331988 0.047451966 0.004533617
H -0.101981081 0.054167099 0.011471821
H 0.634364188 -0.312283427 -0.419966757
C -0.625129759 0.097064741 0.183712944
O 0.414808333 -0.028653927 -0.017765943
H 1.039897561 0.107744716 0.168252081
H -0.474493682 0.058622859 0.072540544
H -0.086210422 -0.037684388 0.037954483
N -0.865561843 -0.350978613 -0.630138099
H -0.028956614 -0.213001996 -0.101883747
H 1.147713900 -0.058488630 0.272358775
O 0.040788569 -0.338631153 -0.079354800
H 0.019145451 -0.023551278 -0.028045665
H -0.829224646 -0.347465813 -0.273495466
O -0.630732536 0.551524520 -1.120145202
O -0.158824384 0.380585968 1.367072463
H -0.061826967 -0.157159001 -0.077001400
O -0.537643731 0.505080462 0.218039960
