19

C 2.947337866 0.694615662 1.704216242
C 0.100724913 -0.239643514 -0.285688996
O 0.388107806 -1.127442122 -0.729734182
C 1.943517208 -1.375911236 -0.941856265
H -2.518846035 0.328192472 1.172890544
H 3.320780993 0.239116430 -0.287079751
H 2.740814209 -0.043566730 0.781863332
O -2.909477234 1.005204320 0.813288987
O -0.342755735 -1.703892827 -1.346417069
O -1.566064119 -0.682694674 -1.114351869
H -1.057489514 0.517052472 -0.118080154
H 2.793853998 -1.093018770 1.408654809
C -0.598303199 -2.356893539 -1.678079844
H 1.181697726 0.222778305 0.830148876
H -2.626022577 -0.950255990 -1.344376802
H -1.264392614 1.933002472 1.153939128
H -1.813847899 1.183785081 0.025472954
H 1.067256570 1.207594872 0.501063824
H -1.786891818 2.241977215 -0.545873404
