19

O -0.285441607 -0.003750335 -0.231583610
C -0.052396320 0.224012300 0.170244575
N -0.053288765 0.326450378 0.157507747
H 0.015727751 0.058136769 0.051005565
H -0.095115282 0.103584692 -0.083681114
O -0.471228361 -0.001170631 -0.091690041
H -0.059773602 0.071495846 -0.111620702
C -0.141285837 0.129793689 -0.058036067
H 0.067492306 0.232910514 0.200782672
O -0.004513137 -0.092308462 -0.166198894
H 0.213393658 -0.253514856 -0.212827906
O 0.510507464 0.093934298 0.059221409
O -0.308124900 1.609068513 0.029944560
H -0.254982680 0.344303489 -0.313448191
H -0.198853940 0.040004529 -0.062799953
O -0.143956184 0.173774898 -0.065428413
O 2.373080254 -2.775337934 0.732365370
H -0.082772262 -0.291099012 -0.296220362
O -1.028468609 0.009711344 0.292463362
