19

H -0.669263184 -5.814776421 -3.218917608
H -1.100485325 -6.542731285 -3.447735071
H -0.697502911 -5.815314293 -3.142979860
H -0.734966218 -5.817349911 -3.257340431
O -0.610798419 -5.769466400 -3.400305271
O 38.935581207 40.761569977 -53.689216614
H -0.727547109 -5.835707664 -3.229278564
O -0.729915321 -5.801093578 -3.262907505
H -0.763998389 -5.822957993 -3.208265305
H -0.728410423 -5.859683990 -3.250604868
H -0.724075258 -5.827239037 -3.237408161
O -2.886616468 -7.318284988 -2.433283567
H -0.749723375 -5.841636658 -3.241351128
H -0.735691786 -5.873755455 -3.189793110
H -0.770011187 -5.819257736 -3.228026390
O -24.060354233 60.436206818 108.228828430
H -0.781664431 -5.784181118 -3.220120907
H -0.760116100 -5.830531597 -3.235466242
O -0.704441249 -5.823811531 -3.335826874
