19

O 4.794207096 -5.029872894 -4.202826500
H 4.704927921 -5.144000530 -4.001572132
O 4.768740177 -5.116139412 -3.981714964
H 4.865862370 -5.077520847 -4.021838188
O 5.638623714 -5.477663040 -4.683568954
O -1.200657487 -7.936341763 -2.424574375
H 4.779444218 -5.105669022 -4.064045429
O 4.847087383 -5.653516769 -4.203161240
H 4.857245922 -5.122632980 -3.971282005
H 4.790787220 -5.133442879 -3.948452950
H 5.219488144 -5.829970360 -4.248229504
H 4.736975193 -5.009344101 -4.049087524
O 8.357689857 -4.845465660 -4.969558716
O 4.842222691 -4.997744560 -4.040587425
H 5.027491093 -5.033205986 -3.836350679
O -0.031851128 13.221018791 -2.576341867
H 4.967833042 -5.147754192 -3.942017794
H 4.884160042 -5.096196175 -3.986493826
O -80.850280762 77.535461426 71.151702881
