19

H 10.561387062 8.155534744 -16.407381058
H 11.111234665 10.772828102 -11.725846291
O 1.444980979 19.096452713 14.497010231
O 3.377420425 -10.463368416 9.195846558
H 6.970928192 14.211874008 -14.500047684
O 26.750150681 28.718572617 -1.028738499
O 19.678367615 67.450653076 25.034235001
H 7.297883034 10.894490242 -16.419832230
O -19.375461578 -88.591667175 140.606811523
O 14.611111641 -28.804145813 -16.028623581
F 6.138644695 16.782140732 -9.442037582
O 140.071090698 9.066427231 62.541873932
O -134.006851196 13.936612129 13.998106956
H 11.090660095 10.925155640 -16.263553619
F 5.679254055 13.563878059 -17.311635971
O -107.588607788 -106.006912231 -34.559764862
O -9.187551498 -11.307926178 -81.297943115
H -1.438311219 13.731458664 -17.329280853
H 6.813665390 7.867945194 -13.559191704
