19

H -3.455996275 -8.360115051 -4.398444176
H -1.941302657 -9.440314293 -4.080879688
H -3.462752342 -8.413953781 -4.371698380
H -3.246953964 -8.074465752 -4.420563221
O -2.582337856 -8.216124535 -5.081658840
O 76.705314636 16.638210297 -54.804313660
H -3.560771227 -8.434111595 -4.373435020
H -3.354401827 -8.402873039 -4.477758884
O -4.315088749 -8.430983543 -7.740742683
H -3.364825726 -8.343717575 -4.446312428
H -3.229671001 -8.383398056 -4.567306995
N -3.383413076 -8.443613052 -4.433697224
O -4.730945587 -12.917673111 -3.606628418
H -3.396008015 -8.407510757 -4.457255363
H -3.365342855 -8.427087784 -4.460781097
O -16.096771240 129.004638672 121.188301086
H -3.355448484 -8.429548264 -4.457157135
H -3.526784897 -7.898045540 -5.128684044
O -6.336509705 -6.619311333 8.119018555
