19

H 0.085610449 -2.779993534 -2.059747696
H 0.841992915 -3.754286289 -1.737812519
H -0.017373325 -2.743449926 -1.897591352
H -0.006177397 -2.942045212 -2.095863342
O 0.742602646 -3.877068520 -3.337219477
O 8.617460251 5.029983997 -12.056897163
H 0.009304462 -2.877735615 -2.147962570
H 0.116355002 -2.826121330 -2.202290773
O -2.334820986 -8.826390266 -7.713984966
H 0.098459303 -2.800125122 -2.153132439
H 0.137594640 -2.823269129 -2.229789734
H -0.074937925 -2.909038782 -2.152734756
H 0.086838812 -2.792400360 -2.149824858
H 0.066606134 -2.837224722 -2.167323351
H 0.117827743 -2.874985456 -2.212201357
O -7.271914482 52.270793915 52.296398163
H 0.131240100 -2.947219849 -2.135134697
H -0.497119933 -2.361733913 -2.632111788
O -0.849548519 -4.327689648 0.785229683
