19

H -0.141753629 -6.674550533 -6.677379608
H 1.383736372 -6.807986736 -6.172389030
H -0.155758962 -6.707395077 -6.710659981
H -0.082660638 -6.287678719 -6.601412296
N -0.044130765 -6.669420719 -6.788361549
O 18.080051422 4.380633831 -15.301612854
H -0.207448393 -6.781271935 -6.694020748
H -0.101303451 -6.725691319 -6.729346752
O -3.896476030 -7.495935917 -9.453543663
H -0.110584639 -6.673851490 -6.727324963
H -0.178643852 -6.664233208 -6.732232094
O -2.644232512 -6.680545330 -5.652873993
O -4.059667587 -24.117082596 -2.994261503
H -0.171174645 -6.728967190 -6.772939205
C -0.107591420 -6.768501282 -6.791422367
O -7.710548401 127.605316162 127.549339294
H -0.127186209 -6.733459473 -6.747730255
H -0.312044203 -6.600476265 -6.971045017
O 0.587418616 -6.868899345 -7.030786991
