19

O -0.255571008 0.143501669 -0.137376755
H -0.100318082 0.172276497 0.045413274
O -0.224078327 0.234919116 0.035694424
H 0.654231429 0.057495803 -0.514119387
F -0.249014199 0.276259869 0.123283081
O -2.279923439 -0.855317593 1.523526907
H 0.413633734 0.305566192 0.147470534
C -0.157827258 0.297722667 0.061207402
H 0.023646362 0.181114182 0.203344241
O 0.316807330 0.214461774 0.201033920
H -0.011338435 0.094598442 0.012557288
H 0.484569460 0.264282495 0.091997318
H -0.000058241 0.396692604 0.142828196
H -0.174918294 0.270747483 -0.079774484
H -0.568536162 0.076101243 -0.022935595
O 1.739837289 -2.458256006 -2.141214371
O 0.434383780 -0.142404586 0.097108200
F -0.138282537 0.080378860 0.056976955
O 0.092756696 0.389859110 0.152979106
