19

H 1.425913215 -0.042106964 0.306733191
H 0.008704811 -0.343042374 -0.256015003
O 0.359238744 -0.281253278 -0.194668919
H 1.065919518 -0.594894767 -0.578152835
H -1.179883361 0.198111132 0.491841525
O 0.822324872 -0.137819931 -0.051960200
H 1.505569816 -0.214082405 0.148976237
O -0.038884670 0.059045024 0.073319286
O 0.076645970 -0.052836061 -0.016899701
O -1.406099319 -0.683555365 -0.771829069
O -0.383394063 0.185807690 0.128958389
H 2.056482553 -0.476615846 0.808338523
O 0.118395314 -0.014961233 0.003075725
N 0.154655486 -0.335719913 0.193650305
H -1.734782100 -0.329184890 -0.674664974
H -1.131947637 0.904431403 0.498335391
O -0.425165147 0.506753743 0.031038595
H 0.292974055 0.073517703 0.147775590
H -1.586668372 1.578406334 -0.287852257
