19

H 0.931777120 -0.036354624 0.164513573
O -0.202428639 -0.081679553 0.020854147
O -0.251208812 -0.262749940 -0.376289725
H 0.433324456 -0.573704541 -0.519892395
H -1.064133048 0.062864840 0.229248002
C 2.163020372 -0.284778476 -0.523851275
H 0.926841736 -0.242629722 0.018271798
O -0.254863888 0.012621500 -0.053369507
F -0.318160266 -0.603343368 -0.442752659
O 2.281275034 1.330503345 2.048466444
C -0.405308098 -0.085299723 -0.068977855
H 1.354446292 -0.603507400 0.708188713
O -0.144767195 -0.107973717 -0.060950473
H -0.141334593 -0.167010203 -0.112162150
H -1.612659335 -0.574362993 -0.831006646
H -1.031801105 0.663084924 0.330377072
N -1.151165843 0.303602517 -0.120382018
H -0.051723022 -0.060564980 -0.002961541
H -1.461131215 1.311282158 -0.407323420
