19

H 2.425642729 -5.557448387 -6.228280067
H 3.984738588 -7.033329487 -5.342023373
H 2.356231689 -5.334028244 -6.707815170
H 2.224365950 -5.741423607 -5.998456478
F 2.670267820 -5.963600636 -6.546421051
O 25.388347626 4.901693344 -8.956506729
H 2.120179176 -5.235062122 -6.211292744
H 2.932305574 -5.655344009 -6.796391964
O -0.022676453 -5.060526848 -16.224489212
H 2.627443075 -5.304414749 -6.570394993
H 2.372618675 -5.669307709 -6.435251713
O 29.325651169 -9.800101280 -22.015762329
O -40.212440491 -60.215244293 -17.969341278
O 0.989981651 -5.525428772 -5.987200260
H 2.960396767 -5.205286026 -6.324139118
O -12.805163383 132.676101685 115.732337952
H 2.792289019 -5.542562485 -6.524635792
H 1.565572739 -4.681324959 -7.238114834
O -33.695743561 9.946639061 32.344192505
