19

N -5.927861214 -5.807372570 -6.388257980
H -7.513491154 -3.508042097 -7.046692371
H -5.735332966 -6.085602283 -7.398381710
H -6.942366123 -5.337348938 -7.659638405
O -31.791645050 27.991020203 21.596731186
O 101.096214294 103.178451538 -75.862289429
H -7.005795479 -4.827236176 -6.697771072
H -7.355665207 -4.794422626 -7.555422306
O -1.021422744 -18.563209534 -34.743209839
H -6.497985840 -5.183903694 -7.519076824
O -6.039344311 -4.154415607 -7.112726688
O 80.819366455 14.647988319 -10.575314522
O -65.933113098 -88.281654358 48.671878815
H -7.066612720 -5.434819698 -7.646572113
N -6.536170006 -6.130160332 -6.930757999
O 6.998481750 25.011461258 147.158874512
H -9.105699539 -3.382136583 -8.902688026
H -6.782848835 -4.618440628 -7.374305248
O -7.658738613 -4.720154285 -8.014381409
