19

O 0.496531665 0.065578833 0.083249822
H 0.428473413 0.033658281 0.201973811
O 0.410495579 0.080008402 0.423866928
H 0.780908883 -0.066033542 0.475443363
H 0.424789548 0.029717579 -0.022454485
O -11.810816765 1.968248010 -2.642639160
H 0.867752612 -0.027384594 0.378319263
O 0.737066567 0.149914011 -0.228048667
H 0.443314254 0.090078816 0.417145967
C 0.087675348 0.215923622 0.299005926
H 0.459350944 0.077765390 0.147180036
H 1.126659870 0.013189211 0.447990537
O 0.712646067 0.486030132 0.401551425
H 0.497932494 0.072164610 0.047129944
H 0.103457943 0.197227463 0.291337371
O 3.255505562 -3.382359982 -1.624153614
C 0.266625762 0.001209601 0.304162920
H 0.483131230 -0.156055257 0.304368436
F 0.228498712 0.151119247 0.294570208
