19

H -0.706039071 6.931231976 -0.196773201
H 2.167782307 3.617994547 5.932276726
O 4.495475292 -4.741678238 3.496028662
N 3.715527058 5.536214352 2.613255262
H 1.009840131 5.495068550 -1.203982592
H 3.426873684 5.394334793 -0.487537295
H 1.494167924 3.920036077 1.219788909
O -14.376681328 -146.437408447 21.438873291
O -57.394081116 7.170923233 -48.037742615
H -0.906462550 4.394110680 3.210681677
H 1.311642289 4.479513168 -0.604030728
O 54.611999512 14.616549492 -12.948732376
O -0.658420920 126.013114929 94.913818359
O 20.438344955 -3.905075788 -38.090213776
N -5.683443546 -0.054863751 4.676655769
H -2.088193893 5.191624165 3.685504675
O -11.015280724 -37.153911591 -45.975200653
O 3.220530987 -2.973284483 3.633161306
H -3.063590527 2.505496264 2.724164724
