19

H -0.401482552 -5.437404156 -4.391748428
H -0.139325470 -6.298064232 -3.723816395
H -0.303263515 -5.533165932 -4.470138550
H -0.272970289 -5.287265778 -4.417803764
O 0.194980174 -5.306287766 -5.052009106
O 23.701137543 7.470409870 -30.376781464
H -0.386649936 -5.533232689 -4.457479954
H -0.261206895 -5.558030605 -4.552105427
O -0.786157727 -6.973106861 -5.180296421
H -0.290042132 -5.482016563 -4.477424145
H -0.346136361 -5.541939735 -4.463156223
H -0.391929418 -5.569049835 -4.579373360
O -0.208666712 -5.516133308 -4.616497517
H -0.312093526 -5.513527393 -4.619580746
H -0.205529600 -5.555001259 -4.552503586
O -18.787584305 89.052940369 108.723953247
N -0.210513502 -5.681277275 -4.533230305
H -0.667900205 -5.215198517 -4.914338589
O 0.075335473 -6.522647381 -5.345664978
