19

H 3.730534077 -8.615203857 -4.818956852
H 4.574217796 -8.960648537 -5.001905918
C 3.832203627 -8.596236229 -4.744016171
H 3.830307484 -8.567670822 -4.776033401
O 5.664473534 -10.548720360 -6.680710316
O 2.638239145 -9.174859047 -4.325101852
H 3.901741266 -8.631645203 -4.825375080
H 3.933815479 -8.760613441 -4.803679466
H 3.849612474 -8.640552521 -4.774871349
H 4.032332420 -8.644086838 -4.702509403
H 3.964687824 -8.772040367 -5.168301105
O 3.967897177 -8.685849190 -4.834018230
O 4.378388882 -8.300018311 -5.024918079
H 3.847326517 -8.644145966 -4.771958828
H 4.001146793 -8.634099960 -4.690020084
O -66.311698914 154.930725098 65.092514038
H 3.991123676 -8.779087067 -4.771337986
H 3.885142803 -8.644589424 -4.835002899
O -1.711489797 -5.330663204 18.456199646
