19

O -8.846654892 -8.068456650 -22.056161880
H -7.817233562 -7.367904186 -4.556175232
O -14.037490845 -33.235042572 62.550140381
O -22.431318283 2.815428257 0.395356297
H -8.214430809 -7.343914509 -6.761237144
H -9.307802200 -7.269400597 -3.911277771
H -7.970648766 -7.067022324 -5.431370735
O -17.600662231 -21.494058609 -16.971080780
O 100.055641174 19.868801117 100.034225464
H -10.204618454 -8.307145119 -4.631381035
H -8.911005020 -7.071562290 -6.886995316
O 8.444981575 1.950854182 -29.628145218
O -38.536113739 108.337242126 97.278236389
O 93.022422791 81.715393066 -103.479507446
H -9.932125092 -9.005107880 -5.559044838
O -13.279296875 -17.134054184 -2.610617399
O -9.859001160 -61.639347076 -36.742305756
H -5.740689754 -11.248474121 -5.267860413
H -8.833941460 -8.436229706 -5.764783859
