19

H 3.089176655 0.801779926 1.665073276
C 0.416697025 -0.102591477 -0.234160066
C 0.583902836 -1.296607018 -0.796882749
H 1.648265958 -1.745987296 -0.872220337
H -2.722718000 0.194329724 1.435976267
H 3.267417908 0.222593471 -0.001644364
H 2.649908543 0.115095615 0.764817715
O -3.028718710 1.077864408 0.804102659
N -0.435781032 -1.735656500 -1.429196239
C -1.503684878 -0.727552652 -1.246943593
H -0.919701457 0.390222967 -0.167839885
H 2.569131374 -1.091337442 1.255970478
H -0.621219575 -2.415050268 -1.878655195
O 1.260206699 0.446574271 0.800686240
H -2.555677414 -0.823113024 -1.356804729
H -1.181344151 1.899363995 1.021076202
H -1.699276209 1.349994063 0.168829620
H 1.183811545 1.362834930 0.619976819
H -2.000398159 2.077242136 -0.552162349
