19

H 0.642559111 0.120298550 0.136010364
N -0.356916070 0.062292006 0.073063046
O -0.036752447 -0.092402264 -0.205093831
H 0.195443913 -0.154380903 -0.209552959
H -0.919825792 0.341619313 0.124987341
F 2.372693777 0.110677719 -0.165881082
H 0.593482733 0.043615703 0.089109071
O -0.242031232 0.159792975 0.101968132
H -0.325319707 0.192913875 0.076646566
O -0.115750149 0.245434746 0.103168212
H -0.344268024 -0.024613652 -0.117936797
H 0.888675988 -0.139163926 0.285733104
O -0.519203424 1.711001158 -0.064381681
O -0.376218677 0.191065937 -0.220139548
H -1.316382885 -0.149689794 -0.410758823
H -0.927222431 0.502400160 0.141098753
O 1.274912238 -3.113977909 0.311803818
C -0.329072297 0.036133241 -0.076016210
O -0.158804163 -0.043016780 0.026172578
