19

H -0.172604382 -2.676598549 -2.648048639
H 0.480382144 -3.564111710 -4.471752644
H -0.395848393 -2.809700489 -3.033432007
H -0.085038036 -3.145396948 -2.720623255
O -2.640688896 -3.255312204 -0.462591112
O 9.182863235 4.415855408 -13.073685646
H -0.011815175 -2.862377167 -2.769070864
H -0.074313119 -2.815035582 -2.816063166
O 0.203536019 -4.014993191 -3.979273081
H -0.055021912 -2.791069269 -2.815181971
H 0.099810764 -2.742065430 -2.961283684
N -0.128342018 -2.828337669 -2.731852055
H -0.112591535 -2.821327925 -2.730980396
H -0.152406067 -2.817224741 -2.727902174
H -0.118528023 -2.820957899 -2.700990200
O -1.641177893 46.974056244 50.078670502
H -0.124421403 -2.861144304 -2.755906105
H -0.416782916 -2.685658216 -3.254425764
O -3.837012768 -3.878598928 8.574394226
