19

H 1.852818370 -1.554597020 -4.341478348
H 2.245202065 -2.294975519 -6.006377220
H 1.683951974 -1.799493074 -4.161198139
H 2.070515633 -1.460137010 -4.360617161
O -4.580486298 1.659625053 4.246774673
O 8.879114151 4.754817963 -12.312254906
H 1.976629853 -1.660420656 -4.472120285
H 1.962571502 -1.628177404 -4.454297066
O 3.477451563 -5.029160023 -7.494407654
H 1.953533292 -1.591477275 -4.424732685
H 2.016116619 -1.788298130 -4.512567043
O 2.001627684 -1.515822172 -4.250108719
H 1.938610196 -1.635706663 -4.381577015
H 1.904841304 -1.654407144 -4.427397728
H 1.908404708 -1.591720462 -4.317740917
O 3.271344900 24.846578598 25.727905273
H 1.875955462 -1.615342021 -4.390030861
H 1.861127496 -1.785264492 -4.977308273
O -38.299327850 -2.656020880 53.309532166
