19

H -0.422447830 -9.417430878 -3.606745005
H -1.044967890 -9.934755325 -3.759005547
H -0.331595838 -9.487778664 -3.536938429
H -0.238373429 -9.456858635 -3.544077873
H -0.343127847 -9.553653717 -3.547960043
O 61.006557465 86.361618042 -93.880226135
H -0.343233079 -9.498826027 -3.555456638
H -0.349539459 -9.527366638 -3.525895834
N -0.399437428 -9.566694260 -3.501415014
H -0.353445292 -9.621368408 -3.487020969
H -0.335796803 -9.515058517 -3.535082579
O 0.674643636 -12.927854538 0.351137370
O -0.355608821 -9.551875114 -3.512214899
H -0.709092200 -9.718875885 -3.497843742
H -0.360334128 -9.576091766 -3.535763979
O -55.343898773 79.936180115 150.596649170
H -0.292712092 -9.903891563 -3.291562796
H -0.363266915 -9.565599442 -3.509838820
O -0.094329141 -9.473827362 -4.120745659
