19

H -0.936793685 -5.021946430 -3.992403984
H 0.337118268 -5.445563793 -2.612349987
H -0.979673326 -4.996221066 -4.002212524
H -0.717076361 -4.461259842 -4.056666374
F -0.663113773 -4.927833080 -4.198500633
O 42.952297211 12.337763786 -30.077363968
H -0.869113803 -5.071728706 -4.127731323
H -0.834165454 -5.045034885 -4.121615887
O -1.633310437 -5.663937092 -7.760422707
H -0.817060053 -4.957906723 -4.104982853
H -0.930593073 -5.018783569 -4.117906570
O -3.836023569 -4.858391762 -2.227562189
O -11.244414330 -40.933319092 9.757524490
H -0.842315018 -5.029279232 -4.148602486
H -0.858798563 -5.044705391 -4.104752541
O -17.159444809 111.140411377 87.600852966
H -0.866349041 -5.019864559 -4.087023735
H -1.337347984 -4.415863037 -4.761262894
O 1.236177325 -7.566536903 -4.857016563
