19

O 14.912310600 16.715436935 -4.056540489
H 6.974649906 5.379724026 1.752239466
H 8.210907936 5.582968235 -1.263013840
O -130.222183228 55.791286469 49.952484131
H 5.364772797 9.219453812 0.212548018
O 51.420875549 32.428691864 -35.467941284
H 7.071762562 8.367986679 -0.296051860
H 5.588221073 7.614560127 -4.483531475
O 45.001960754 -97.201049805 -108.853874207
O 8.876061440 -0.241911888 3.071853161
O 14.399676323 32.269130707 34.252990723
O 118.249511719 30.442537308 29.782388687
O -54.611743927 -52.182861328 66.450431824
H 7.497649670 6.085330486 -0.915245414
H 7.581376553 7.820477962 -1.508024693
O -133.389709473 -91.499664307 -23.061227798
H 4.846470356 8.722121239 -4.366154194
H 6.771399021 7.322904587 -1.992462635
H 5.456021786 7.362885475 0.789128780
