19

O 11.069109917 15.104028702 0.257647753
H -4.939314842 11.379449844 -6.223247528
H -2.185591936 8.677082062 -7.862600327
O -61.219322205 34.182987213 96.994323730
O -5.078048229 13.079578400 -4.840489388
O 136.773620605 41.313480377 -75.252944946
H -3.006410360 11.714712143 -7.220101357
H -5.419149399 9.914476395 -9.679518700
O 53.158805847 -85.212966919 -99.510429382
H -2.223694563 7.904333115 -6.129981041
O -1.030398130 15.103139877 0.029087782
O 77.174720764 48.907016754 0.293079019
O -106.937194824 -83.059425354 62.087917328
H -3.870080471 9.489351273 -9.369667053
H -3.581288815 10.940305710 -8.590733528
O -61.240798950 -98.792457581 102.462081909
H -6.582748413 10.162168503 -10.436793327
H -5.659196377 9.135396957 -9.271193504
H -5.202996254 10.057331085 -7.736427307
