19

H 2.166045666 -5.101346970 -5.848933220
H 2.949131966 -6.426169395 -5.515423775
H 2.133727789 -5.123107910 -5.807653427
H 2.058121681 -4.587074280 -5.543565750
O 2.115719080 -5.240402699 -5.921350479
O -6.622746468 -6.460450172 -4.301263809
H 1.926702380 -5.124634743 -5.753894806
F 1.828627706 -5.262073517 -5.771794319
O 2.046653032 -5.152012825 -5.771457195
H 1.964602590 -5.158638477 -5.808856010
H 2.191951275 -5.060153008 -5.917398453
O -1.436774850 -6.253687859 -7.467064381
O -2.115624189 -19.472074509 -12.034108162
H 2.099776030 -5.124619484 -5.817090511
H 1.868603349 -5.170964718 -5.776171207
O -7.714797020 97.875740051 84.668083191
H 1.966575027 -5.156577587 -5.807401657
H 2.214696169 -5.271973133 -6.140764236
O -11.640992165 7.270217896 20.336116791
