19

H 0.827708125 0.162276193 0.214678645
O 0.015061885 0.235351548 -0.208312243
O -0.214050382 -0.002024680 0.060447708
H 0.286352336 -0.154226676 -0.167204380
H -0.885833502 0.323572755 0.252937704
O 2.007199049 0.183475018 -0.193270892
H 0.638162374 -0.006947234 0.125548482
O -0.230265766 0.233127400 0.015828706
F -0.134539157 -0.145773649 -0.080909461
C -1.184750080 -0.305017114 -0.638052881
O -0.078487128 0.408917487 0.099513493
C 1.077044725 -0.174663439 0.564710498
O -0.077573389 0.228973731 0.006913029
O -0.203340322 0.059013173 -0.230938703
H -1.496773124 -0.066642061 -0.472254664
C -0.893657684 0.646828473 0.229901373
O 2.016619205 -2.903181076 0.622049987
H -0.120260030 -0.009923473 -0.027539793
C -1.348617554 1.286863685 -0.174046636
