19

N 1.077967763 0.019219838 0.110018551
C -0.000217609 0.053995855 0.073329076
C -0.005498726 0.166152537 0.102363199
H 0.373418570 -0.121901594 -0.179615453
H -1.068568468 0.312360942 0.263872176
O 0.800504744 0.075565152 -0.062844530
H 0.773044646 0.000674896 0.043174256
H -0.762137353 0.382320195 0.065039225
H 0.028664760 0.065291636 0.040778201
O -0.434241563 0.113123380 -0.155191556
H -0.093855359 0.007600449 -0.106374092
O 0.919170320 0.638115883 0.083168782
O -0.629229844 0.283637762 -0.506089211
N 0.020538345 -0.048986949 -0.232698426
H -1.032522798 -0.219922870 -0.456787646
C -0.868887126 0.572440028 0.223234445
O 1.639101863 -2.876860619 0.956900299
H 0.022190124 -0.108814962 -0.172711089
O -0.759442389 0.685988128 -0.089566164
