19

H -0.185324460 13.531630516 -5.117160320
H 1.186022043 14.147932053 -2.164738894
H 1.158168316 12.942139626 -3.856749773
O -15.875777245 4.159516811 15.017329216
H -0.588369727 14.900042534 -3.984870195
O 55.022342682 62.957996368 -26.256923676
O -0.307449311 16.531751633 -5.571743488
H 0.178074628 13.124417305 -5.551047802
O 53.246032715 -77.767532349 -111.531486511
F 0.757738352 10.922845840 -5.065652847
O 0.584790707 40.844501495 37.725940704
O 134.233474731 -62.726013184 70.043792725
O -90.034622192 -24.245494843 81.626533508
H -0.295162708 13.986602783 -5.162413120
H -0.360896558 13.495839119 -6.236126423
O -133.533172607 -108.332176208 -7.298242092
H -0.513720512 13.673539162 -6.007168770
H -4.070919514 15.124383926 -5.475171089
H -0.601234913 12.728089333 -5.134100437
