19

O -0.210906222 0.255390763 -0.213931054
H 0.066055946 0.279339135 0.108566634
N -0.083557315 0.290902972 0.025340207
H 0.459955037 0.304189324 -0.130752355
C 0.067319028 0.140201434 0.105456553
O -5.096495628 -1.619323492 1.930185914
H 0.063906185 0.342627883 -0.004901186
O 0.234474525 0.163590893 -0.184270710
H 0.163492426 0.249136433 0.144036740
O -0.231363252 0.183420822 -0.118960150
H 0.093319826 0.180738255 0.029176451
H 0.255611002 0.348335743 0.044075027
H 0.151030168 0.636274219 0.329161733
H -0.135677233 0.321319580 -0.099165894
H -0.003086636 0.316856146 0.324576080
O 3.016295671 -2.955070734 -2.713211536
O 0.386842310 -0.049648598 0.181540012
O 0.543654680 0.546248674 0.127144754
O 0.259129405 0.065470502 0.115932755
