19

O 0.889824927 -2.120043755 0.442319453
H 0.824585438 -2.145848751 -0.028277881
O 0.911035478 -1.998517632 -0.262472570
H 0.807402432 -2.153687000 -0.049891002
C 1.092663050 -2.048114777 -0.267671585
O -3.487152815 2.326788425 -8.582019806
H 0.534237564 -2.305388927 -0.171850741
O 2.895730734 -3.964163780 -2.172645569
H 0.856787026 -2.139426708 -0.039356656
H 1.184138536 -2.011178970 0.093599968
H 0.967453539 -2.601980209 -0.004321404
H 0.456183851 -2.250487804 -0.095041879
O 0.772517979 -1.759336114 0.306747735
H 0.673552155 -2.038330555 -0.298032641
H 1.594089031 -1.814336181 0.133673131
O 3.559033632 -5.456265926 -0.732998312
H 1.260509491 -2.217796087 -0.032317050
H 0.815235078 -2.218997240 -0.096899278
O -16.607826233 38.917114258 11.857456207
