19

H 1.282047153 -6.009914875 -7.115279198
H 2.980691195 -6.729000092 -6.525282860
H 1.273832440 -6.016242027 -7.092061996
H 1.393764496 -5.612876415 -6.910655022
O 2.224468470 -6.077784538 -7.468921661
O -4.086932659 -5.094797134 -5.862636566
H 1.217337847 -6.135623455 -7.075685501
H 1.127175450 -6.089874744 -7.090606689
F 1.227759480 -6.020251751 -7.112012863
H 1.178013682 -5.983985901 -7.069240570
H 1.292361379 -5.968162060 -7.146578789
O -2.216944456 -7.400647163 -6.853840828
O -9.339395523 -39.516490936 -6.099378586
O 1.598032594 -6.040727139 -7.127858162
H 0.939186096 -6.010622501 -7.066803932
O 5.580974102 130.289184570 121.279022217
H 1.118700147 -6.040995121 -7.098473549
H 0.914548516 -6.087099552 -7.701264381
O -9.705620766 6.545918941 -2.862440586
