19

H 3.026424885 0.625690639 1.684989333
C 0.066890761 -0.259124696 -0.294552982
O 0.365635961 -1.320851326 -0.812133431
C 1.995741487 -1.336063862 -0.888246000
H -2.384274244 0.264213115 1.110375762
H 3.484199524 0.223251298 -0.261746824
H 2.799368858 -0.129857153 0.790437698
O -2.980898857 1.004767179 0.867608070
O -0.301697731 -1.659501672 -1.372060299
O -1.630520463 -0.669470131 -1.128349423
H -1.112639308 0.557905257 0.070373803
H 2.880590916 -1.036303639 1.513336539
C -0.699434638 -2.355172157 -1.737179041
H 1.059044003 0.233864293 0.898736298
H -2.748682261 -0.886029303 -1.451146841
H -1.282056928 1.995554328 1.137284636
H -1.778856039 1.225783587 0.000876766
H 1.075615406 1.219186902 0.403235674
H -1.834450722 2.302157402 -0.531839669
