19

H -4.964472294 -10.790561676 -4.575483322
H -5.910562515 -10.064521790 -5.607424259
H -4.522108078 -11.169467926 -4.508688927
H -4.608216286 -10.681457520 -4.599105835
O -7.914194107 -5.578557968 7.179847240
O 79.128005981 125.904655457 -62.230663300
H -4.635548115 -10.975881577 -4.551667690
H -4.926504612 -10.831169128 -4.670650959
O -0.839467347 -16.584037781 -12.841184616
H -4.564146996 -10.558240891 -4.588475704
H -4.768095970 -11.012248993 -4.881161690
O 4.718064308 -12.552206039 -3.813455343
O -4.850569725 -11.263647079 -4.460979939
H -4.699590683 -10.420969009 -4.565894127
O -6.881940842 -12.698574066 -8.830835342
O -0.776329577 62.363227844 141.032226562
H -5.592472076 -10.078395844 -4.915938854
H -5.040689945 -10.786540985 -4.623282909
O -8.351156235 -12.221399307 -3.947175026
