19

N 1.568576336 -0.114083990 0.252389997
F -0.125143230 -0.336217582 -0.221906215
O -0.059187591 -0.182035655 0.000382618
H 0.733491600 -0.626378655 -0.472177655
H -1.246252537 0.060064167 0.402872831
O 2.417690516 -0.152630225 -0.170723677
H 1.229150772 -0.262595654 0.187005639
O -0.981440723 0.127840504 0.108698614
H -0.176031321 -0.502037525 -0.300359666
O -0.266044438 -0.609992385 -0.311729759
H -0.236878276 -0.034654856 -0.035463251
O 1.000873208 -0.397879362 0.118092127
O 0.725012183 2.478485584 0.739790261
O -0.050200559 -0.154813290 -0.082976334
H -1.555237293 -0.787525654 -0.638899565
N -1.305185795 0.546163559 0.561492264
O -0.230003670 -0.062274784 -0.036659889
C -0.080601744 -0.007188633 0.016871177
O -1.362587452 1.017754674 -0.116699405
