19

O 0.409294009 0.265061170 -0.004866013
H 0.329504967 0.095329359 -0.019215861
O 0.231810331 0.389933348 0.111805551
H 0.977345228 0.036646049 -0.503767252
H 0.056434505 -0.011490154 0.039766975
O -6.220605373 -2.865092516 1.895511031
H 0.798551500 0.111998662 0.022518029
O 1.089920878 0.730003297 -1.191516876
H 0.308591187 0.139704481 0.034276836
H -0.384600759 -0.116462722 -0.445951641
H 0.266034305 0.108526304 -0.021987939
H 1.432276845 0.136763856 0.022718212
O 0.219697714 0.029079031 -0.073220201
O 0.269667685 0.250057787 -0.149965554
H -0.540424347 -0.298606515 -0.060370378
O 0.113103800 0.292137057 0.226669028
H -0.059115596 0.499971986 0.014896533
H 0.546203315 0.112115994 0.005632838
O 0.156309128 0.094323531 0.097066559
