19

H 3.183338165 0.713894784 1.569987893
N 0.423535347 -0.155086100 -0.114995375
C 0.601276219 -1.309355617 -0.785842121
H 1.556041837 -1.835314870 -0.823501229
H -2.880728006 0.286468983 1.408567905
H 3.185072660 0.165048823 -0.104513042
C 2.655888319 0.156533271 0.848755181
O -3.030861139 1.057493329 0.823737502
N -0.501131654 -1.688559890 -1.431233883
N -1.453271866 -0.747557461 -1.159270644
C -0.952308238 0.223325923 -0.255051285
H 2.726912260 -0.909541845 1.217863321
H -0.626683056 -2.452762842 -1.950945854
O 1.276371360 0.521947801 0.852409542
H -2.506413937 -0.868131578 -1.488661528
H -1.134811163 1.911510110 0.981187820
C -1.701427698 1.337230325 0.208577707
H 1.160368800 1.502742290 0.752249479
H -1.981167316 2.090114832 -0.549321532
