19

H 0.451169282 0.061227866 0.007788926
O -0.128848746 0.138886631 0.161797762
O -0.677014589 1.220731735 0.357053548
H 0.036672670 -0.002628498 -0.094018273
C -0.598107994 0.253103524 -0.009435929
O 1.260680437 0.099572852 -0.112413295
H 0.366222978 0.004455380 -0.050372057
O -1.080405831 0.812822044 -0.081346393
H -0.085458145 0.212686270 0.070562460
N -0.796336353 -0.229668766 -0.452529073
O -0.087396845 -0.126400083 -0.194786370
C 0.774583101 -0.072884902 0.230092049
O -0.024364647 0.478949726 0.064302735
O 0.221531749 0.156297058 0.129661828
H -1.087792158 -0.053080983 -0.433444828
H -0.577100158 0.392723083 -0.008801810
O 2.180130959 -3.165185213 0.741178513
H -0.140538543 -0.096514203 -0.231148630
O -0.007627081 -0.085093446 -0.094141200
