19

O -0.101284847 0.107735872 -0.141423583
H 0.107468128 0.158375353 0.098531887
H -0.293573737 0.225191519 0.278657824
H -0.035468314 0.113141924 0.015994556
H -0.142135665 0.124934107 -0.055171553
O -1.145699143 1.344527721 1.678868771
H 0.168260992 0.101932794 -0.001249637
H -0.109756380 0.124213725 -0.073008820
H 0.228036240 0.105461121 0.256657362
H -0.312361419 0.064012587 -0.186853394
H 0.132503733 -0.136492223 -0.155647874
C 0.139180422 0.064744040 -0.014874790
O 0.193418100 0.626546919 0.241096765
H -0.281948745 0.175196096 -0.486077696
H -0.446912944 0.063547820 -0.170804456
O -0.509742141 0.741893768 -2.644679785
O 2.402781010 -1.202283859 1.252777338
H 0.010946538 -0.422964334 -0.239500523
O -0.003711719 -2.379714966 0.346707672
