19

C 0.005074717 0.005977347 0.045819763
C -0.104942001 0.162854508 0.113723457
H -0.085611187 0.304156423 0.203614101
H -0.228253603 -0.041887909 0.096368089
H -0.191192359 -0.001955315 -0.066744775
O -0.443373889 -0.093026355 0.119278237
H -0.188938558 -0.016831011 -0.008564319
H 0.048133545 -0.130089775 -0.076082632
H 0.019909672 0.061493590 0.169496045
O 0.318019748 0.121918276 0.376209468
H 0.135849118 -0.201669201 -0.088772863
C -0.063843809 -0.004670590 0.001794972
O 0.203691363 3.110491991 1.230887532
H -0.218436569 0.231124088 -0.290236801
H -0.442093492 -0.098878160 -0.068403468
O 0.221353203 -0.999634326 -2.696293831
O 1.777639866 -2.511771202 0.877757907
H -0.190483868 -0.157443389 -0.132814288
O -0.572501898 0.259840906 0.192963228
