19

H 2.411076784 0.404511541 0.959061146
C -0.203775421 -0.617621601 -0.828910053
O 0.016586114 -1.169388056 -0.752806306
C 1.499218822 -0.966758311 -0.892359555
H -1.892256141 0.162070513 0.750167966
N 3.511557579 0.213895127 -0.477521062
H 2.291895390 -0.136888310 0.525954664
O -2.135489702 0.765249491 0.323102325
O -0.403445661 -1.206297636 -0.930271864
O -0.278577626 -0.056844521 -0.007515462
C -0.938145161 0.364203185 0.518954635
C 3.078381062 -0.878149748 1.466939092
O -0.468934238 -1.556931138 -0.873215795
H 0.726179004 -0.309751183 0.585086584
H -2.625397205 -0.836889505 -1.185344934
H -1.649483442 1.753408074 0.990814209
O -1.740584612 0.834760010 -0.053414099
H 0.755117834 0.888897836 0.491662145
C -1.953922987 2.348524332 -0.610383689
