19

H 3.029234648 0.503508151 1.445928216
N -0.077048548 -0.452019691 -0.530491114
N 0.258937985 -1.114935875 -0.873708665
H 1.783152699 -1.173372984 -0.902965367
C -2.310775042 0.096441828 0.953913987
H 3.608991146 0.241969392 -0.067001320
H 2.569833755 0.051572412 0.608427465
O -2.193157434 0.853820622 0.475143582
O -0.269215137 -1.348520160 -0.954263031
O -1.594695687 -0.675510168 -0.757862747
C -1.143573046 0.575316072 0.277990192
H 2.899462461 -1.026200652 1.529383779
O -0.646175146 -2.432298183 -1.525200009
H 1.015707850 0.006826338 0.729174197
H -2.860896111 -0.864445925 -1.351502061
H -1.454654336 1.865183473 0.953440428
H -1.976650834 1.254141569 0.102193274
H 1.162551045 1.035215616 0.456556022
N -1.801029563 2.603307962 -0.569156706
