19

H 2.818212748 0.508919120 1.252283096
C -0.306944579 -0.423252791 -0.591776609
C -0.037687488 -1.019901872 -0.822391450
H 1.475488186 -1.037724495 -0.902899146
H -2.090356350 0.066061810 0.804468989
H 3.496814966 0.107410610 -0.238394186
H 2.417426348 -0.041402388 0.571334064
O -2.403190374 0.920438647 0.472297370
O -0.345972896 -1.199969888 -0.860433280
O -0.218688279 -0.075087041 -0.073024683
C -1.202841997 0.304797709 0.278137237
H 2.932648420 -1.030287743 1.438935041
O -0.552917063 -2.116019249 -1.328997135
H 0.911175668 -0.115786463 0.664087772
H -2.685282469 -0.808286071 -1.286950827
H -1.439579010 1.674833775 0.913036406
H -1.894269824 1.095171213 0.062257901
H 0.896082044 0.796475530 0.230104133
F -1.770117402 2.393609285 -0.582074761
