19

C 1.080766320 0.214938715 0.278827041
H -0.057023991 0.382563174 0.021767266
C -0.287634641 0.268003881 0.034627445
H 0.399677485 0.007792203 -0.521031141
H -0.350609869 0.306717992 -0.109233133
O -1.415514350 0.602660596 1.759449244
H 0.756525218 0.317583710 -0.049600385
H -0.340855390 0.289410889 -0.112169646
H 0.013801009 0.176824048 0.024017073
H -0.852787197 -0.088024944 -0.782718122
H 0.022086367 -0.039243698 -0.236744255
C 0.818980634 0.183873713 -0.017917983
C -0.328433663 -0.176837206 -0.361866325
H -0.259276152 0.276742518 -0.298637897
H -0.985018253 -0.125397101 -0.473380208
O -0.039186940 0.115082473 -0.350568563
O 1.743033648 0.316338390 1.162318945
H -0.172269568 -0.139393598 -0.192967236
O 0.253739148 -2.889635563 0.225827873
