19

H 3.003817797 -6.729364872 -6.984043598
H 4.013750076 -7.231984615 -6.916435242
F 2.902851105 -6.714006901 -6.912873745
H 2.961368799 -6.443487167 -6.832588673
O 3.427274942 -6.900575161 -7.319179535
O 0.798204064 -7.112612247 -6.009032726
H 3.001422167 -6.742255688 -6.984489918
H 2.870122671 -6.749013424 -6.915667057
N 2.906208754 -6.720349789 -6.919234276
H 2.883203983 -6.766913414 -6.942040920
H 3.020228624 -6.697869301 -7.007906437
O 2.525280714 -6.102352142 -6.476511478
O 2.151660442 -17.560106277 -13.683531761
H 2.917700529 -6.737230301 -6.967995167
H 2.833341122 -6.745779991 -6.894865036
O -17.280401230 94.587692261 75.275596619
H 2.903559208 -6.771932602 -6.949067593
H 3.028260708 -6.798571587 -7.191366673
O -30.867855072 30.936708450 48.631233215
