19

H 0.065584846 -4.247068882 -2.150502920
H 1.447498441 -4.786002636 -3.244866133
H -0.427353650 -4.062808037 -2.539201498
H -0.358422548 -4.514310360 -2.330583334
O -2.007353783 -5.747361660 0.920885205
O 18.850725174 10.780771255 -19.643640518
H -0.144198626 -4.196723938 -2.350164652
H -0.143408716 -4.204082966 -2.496865511
O -1.788871050 -8.857618332 -5.395553112
H -0.120880343 -4.169428825 -2.490999460
H -0.072448350 -3.808678627 -2.480588675
O -0.019420423 -4.193248749 -2.501273394
H -0.174147189 -4.185791492 -2.407877922
H -0.212252736 -4.109951973 -2.401113510
H -0.189772874 -4.247191906 -2.454999924
O -14.059025764 67.969032288 63.023731232
C -0.187622011 -4.230342865 -2.430917501
H -0.563021839 -3.904077291 -2.751290321
O 0.104393698 -5.285112381 -3.874174833
