19

O 2.013778925 -3.140877008 -1.793818235
H 1.963550329 -3.079836845 -1.655533791
F 1.841118097 -2.957441807 -1.746301174
H 1.937550068 -3.028196335 -1.699982643
F 1.874649763 -2.982039452 -1.735202551
O -9.280339241 -8.331732750 0.973507881
H 1.780921459 -3.057608366 -1.735155106
O 2.066884995 -3.348639727 -1.688159108
H 1.974769831 -3.087175369 -1.680188417
H 1.922102451 -3.131766319 -1.659709692
H 2.492356539 -4.005877972 -1.908707142
H 1.682942390 -2.973011017 -1.739809871
O 3.044636488 -2.593293905 -1.460334897
H 1.769569159 -2.946646214 -1.789121509
H 2.278080940 -2.959213972 -1.474522829
O -2.696624994 11.775868416 -4.649211884
H 2.162016869 -3.137433290 -1.633921385
H 1.949571371 -3.088530064 -1.702112675
O -20.777534485 46.073455811 30.778285980
