19

O 1.137136102 0.796277046 -0.272430837
H 0.709334493 0.410748720 -0.085746437
O 0.654908895 0.466893852 0.026608570
O 0.596861601 0.417328298 0.603725612
N 0.673055232 0.241229400 -0.121620655
O -17.321460724 -2.084044933 2.603137493
H 0.637259126 0.343916893 -0.213861912
O 0.563003361 0.563730419 0.182336345
H 0.759468913 0.411093414 0.057061270
O 0.947577834 0.533151269 0.287662506
H 0.716049433 0.388563752 -0.025808619
H 0.725504279 0.361061692 -0.120285749
H 0.895133436 0.728606880 0.135982320
O 0.548673868 0.342423260 -0.304845989
H 0.798307002 0.529606104 0.251246214
O 4.900471210 -5.150062561 -2.982331753
H 0.829600453 0.078344747 0.033518553
O 0.637871981 0.301216066 -0.073610678
N 0.591243386 0.319916189 0.019263631
