19

C 2.634718418 -3.140235662 -3.840755939
H 2.898471117 -3.202242851 -3.822835445
O 2.556477785 -3.086066484 -3.751184464
H 2.723971605 -3.156247139 -3.839293718
O 5.221364498 -3.855547428 -5.483630657
O -1.736888409 -5.290898800 -2.193765879
H 2.736015558 -3.207489252 -3.872078657
O 2.775674820 -3.195550203 -3.805542231
H 2.724900007 -3.170518398 -3.830060005
H 2.676665545 -3.169751167 -3.762304783
H 3.278613329 -3.611455202 -4.032239914
N 2.675193787 -3.145302296 -3.782858610
O 6.454526424 -7.780946255 -7.027251244
H 2.688360453 -3.166034698 -3.848799706
H 2.920334578 -3.103727818 -3.680685282
O -14.734478951 33.226879120 2.753504992
H 2.830503941 -3.233779192 -3.821203470
H 2.778441906 -3.242940426 -3.843427658
O -34.102863312 28.531852722 65.484413147
