19

H 3.188969612 0.760575831 1.544827223
C 0.393185288 -0.143507585 -0.053465541
C 0.656412899 -1.300753713 -0.744551301
H 1.559150934 -1.878112078 -0.831047893
H -2.835390329 0.300584078 1.405915380
H 3.138648748 0.171668977 -0.124245986
C 2.635431290 0.126561522 0.858014405
O -2.996534824 1.018419385 0.796089053
N -0.502425134 -1.660807610 -1.394026518
C -1.488082170 -0.768193483 -1.128793359
C -0.977899969 0.196042731 -0.293931812
H 2.713315725 -0.896959603 1.215219259
H -0.581037819 -2.475710869 -1.985492229
N 1.251298428 0.534503639 0.831205904
H -2.474630117 -0.896564901 -1.531247139
H -1.126617789 1.904955745 0.987209797
C -1.733119249 1.374150515 0.241442114
H 1.142710090 1.541524053 0.744508445
H -1.963385105 2.091623306 -0.537629783
