19

H 2.452098131 0.467193425 1.137867212
C -0.255096376 -0.552731514 -0.637034535
H -0.133560702 -0.925542653 -0.697295427
C 1.139763951 -0.874546766 -0.753415585
H -1.725355625 0.013250928 0.533334970
H 3.126902342 0.106509671 -0.408602923
H 2.221900702 -0.083303079 0.623517454
O -2.007794380 0.689563513 0.262250066
O -0.098986953 -0.294620037 -0.211121380
O -0.367749453 -0.230304793 -0.260288447
N -0.971096933 0.221955344 0.294215739
H 2.806686640 -0.943627059 1.238669038
O -0.390698969 -1.787376642 -1.091659069
H 0.807780206 -0.187355950 0.574627101
H -2.393928528 -0.856676936 -1.184636593
H -1.380063772 1.543518901 0.949347854
C -1.685104609 0.828487694 0.015453871
H 0.620703220 0.713583231 0.206126451
C -1.766399741 2.152022839 -0.591355979
