19

H 3.433401346 -8.822036743 -5.788985252
H 4.518401146 -9.597575188 -5.957638264
H 3.366733313 -8.813600540 -5.758347511
H 3.376127481 -8.574594498 -5.646392822
O 4.354911327 -9.164269447 -6.713525295
O 1.894795179 -9.593916893 -5.281842232
H 3.452532053 -8.820275307 -5.788475037
F 3.385831118 -8.971309662 -5.783342838
H 3.367010832 -8.841973305 -5.779223442
H 3.375275850 -8.875782967 -5.759557724
H 3.406075716 -8.826712608 -5.898162365
O 1.964295626 -8.355568886 -5.632678032
O 5.985199451 -8.595769882 -7.124789238
H 3.335821152 -8.819890976 -5.768114090
H 3.374375343 -8.873549461 -5.708153248
O -52.413452148 157.965270996 74.045356750
H 3.439064741 -8.976490974 -5.799084187
H 3.401413441 -8.872834206 -5.863446712
O -7.017815590 -6.569111824 26.006408691
