19

H 0.908050954 -0.049683668 0.090006165
F -0.101885095 -0.290381074 -0.247743726
O 0.437179029 -0.194089904 0.007980227
H 0.664414167 -0.375599325 -0.337417364
H -0.776990235 0.111152925 0.211923808
O 0.203447863 -0.042417951 0.115286410
H 0.955322504 -0.164505094 0.024753422
O -0.403102398 0.479963481 0.289450705
O 0.100362048 0.158253476 0.134988397
O -0.380624175 -0.287245750 -0.250507653
O -0.254131556 -0.076195709 -0.129148483
H 1.681304455 -0.427415371 0.595323801
O 0.140090063 -0.701098025 -0.278027892
N 0.026943032 -0.214098409 -0.007449940
H -1.267381549 -0.271961689 -0.519545257
N -1.038054943 0.971870363 0.558787286
O 0.285684228 -0.085992135 0.047038928
H 0.172198176 0.040706083 0.052720755
F -1.352826476 1.418737769 -0.358419567
