19

C 2.006455898 -4.237026215 -2.480051756
H 2.736587763 -4.530786991 -2.828435183
F 2.033976078 -4.254118443 -2.455491066
H 2.124171019 -4.262677193 -2.492571831
O 2.919466257 -10.776753426 -6.686188698
O 0.611034274 -4.852270126 -1.846787333
H 2.177063942 -4.236455917 -2.526310921
H 2.229032755 -4.374306679 -2.508561134
H 2.093262434 -4.280955791 -2.496206760
H 2.390410662 -4.252139091 -2.395159721
H 2.580115795 -4.521102905 -2.963743687
O 2.207398415 -4.064579487 -2.520386219
O 3.524509192 -2.777994633 -2.793195724
H 2.081409931 -4.278520107 -2.480066299
H 2.434322357 -4.207687378 -2.364725828
O -39.115390778 81.546035767 32.232910156
H 2.259017229 -4.338652611 -2.505817413
H 2.157868624 -4.250199318 -2.526889801
O 0.549284697 -3.049815416 14.637680054
