19

H 1.388779402 0.140638679 0.361338079
O -0.245910779 -0.461204588 -0.450635314
O -0.034954239 -0.035083055 0.022093765
H 0.852168679 -0.630510390 -0.570892215
H -1.204449296 0.208276629 0.378706992
H 2.532645226 -0.166941881 -0.406912297
H 1.577058077 -0.289423138 0.254615635
O -0.173919931 0.289840460 0.186902672
O -0.273221165 -0.640464544 -0.454157352
O -0.453264982 -0.273447871 -0.369505018
F -0.618187070 0.122565143 0.242642134
H 1.836303830 -0.716543436 1.013982415
O 0.173851416 -0.246817350 0.010955088
H 0.169260964 -0.280384421 0.262394875
H -1.828135729 -0.543501437 -0.818306088
H -1.107420325 1.070578337 0.614766777
O -1.153856754 0.378633976 -0.010917738
H 0.249759421 0.184575170 0.163713932
F -1.686506391 1.889213681 -0.430786312
