19

H 2.594388962 0.524459600 1.117444873
C -0.305799097 -0.496163607 -0.653173387
F -0.065846652 -1.041907907 -0.822448552
H 1.231143832 -0.984373689 -0.833125055
H -1.924306631 0.046548158 0.659986615
C 3.262656689 0.116417699 -0.273400903
H 2.307952166 -0.077560872 0.665068507
O -1.958794236 0.660841346 0.325037211
O -0.199803784 -0.354005039 -0.284455717
O -0.223505303 -0.039813712 -0.082701810
C -1.138862371 0.308028072 0.260299563
H 2.874890804 -1.053644419 1.326227784
F -0.455899239 -2.046465158 -1.288047075
H 0.768936753 -0.185971692 0.571094990
H -2.470839739 -0.819681048 -1.222125530
H -1.490536571 1.645628214 0.941369116
C -1.755523562 0.924800694 0.013169331
H 0.699024677 0.691265285 0.153452173
C -1.749276161 2.181597948 -0.573672235
