19

N 0.803226113 0.335842341 0.026606917
H -0.102736816 0.237483114 0.089663327
H -0.341441751 0.328464121 0.117310107
H 0.171787024 0.250723571 -0.181434825
H -0.107754275 0.086054116 -0.192788869
O -3.311583519 -0.686480880 1.147265434
H 0.429822564 0.335229456 -0.115701735
H -0.119525403 0.124995321 -0.265588880
H 0.002019526 0.267087668 0.108470023
H -0.375552267 0.249112666 -0.176752597
H 0.002598332 -0.061567694 -0.224190697
H 0.348055065 0.271897048 -0.125559971
O 0.086199068 0.753288388 0.126936376
H -0.327924311 0.162634343 -0.342259109
H -0.388917446 0.253149480 -0.130052865
O -0.053109407 0.416426092 -0.176550150
O 3.259622097 -1.928091884 0.125891984
C -0.212664366 -0.110234231 -0.217813343
O 0.237879813 -1.286013246 0.406548858
