19

H 1.124037266 -1.839771271 -4.291347980
H 1.370665908 -2.010214090 -6.323799610
H 1.147339821 -2.005211592 -4.236359119
H 1.206585765 -1.959659219 -4.620283127
O -1.439205766 -1.914922476 -6.302666187
O 5.735496998 4.492335320 -9.556308746
H 1.256324887 -1.940851331 -4.523787022
F 1.196674109 -1.800632358 -4.465383530
O 3.048324823 -5.741712570 -7.024492264
H 1.259043097 -1.791483045 -4.446423054
H 1.335863113 -2.041378260 -4.718710899
O 0.167466089 -2.015254498 -3.381212950
H 1.216404080 -1.943321109 -4.489287853
H 1.316250443 -1.957570195 -4.445786476
H 1.167689204 -1.903937101 -4.390386105
O -0.710535347 34.523578644 47.441291809
H 1.145599961 -1.903747678 -4.439537525
H 1.209755063 -2.108369350 -5.117494583
O -22.753780365 -4.137875557 39.331970215
