19

O 11.725320816 25.500968933 -17.153709412
H 2.594460726 20.738954544 -4.412419319
H 0.823772252 20.163358688 -6.146018982
O -109.378715515 -36.968086243 88.723724365
H 0.347316563 21.470220566 -6.971619606
O 6.089894772 25.988889694 -8.383829117
N 0.664737523 21.216722488 -5.919583321
H 1.310794353 19.124095917 -8.017070770
O 76.601203918 -114.932838440 -40.986991882
O -4.622084618 -14.041962624 -0.113043010
O 0.470409930 22.605001450 -7.078802109
O 141.980377197 -28.128717422 95.125068665
O -48.356903076 10.299912453 4.041152000
H 1.266918659 20.050315857 -8.464549065
H 0.564374089 20.062147141 -7.977918148
O -78.991050720 -94.601417542 -43.989826202
H 0.621152341 20.167264938 -8.399257660
H -2.848219395 21.456552505 -7.469150543
H -0.863751352 19.828613281 -6.406166077
