19

H 1.336167574 0.144995257 0.384266376
F -0.240408152 -0.476711273 -0.480218470
O -0.224950880 -0.721443355 -0.529894829
H 0.897987366 -0.602755308 -0.635177135
H -1.279333234 0.171709195 0.463593066
H 2.545142651 -0.183945656 -0.394798130
H 1.635549068 -0.318878829 0.240956783
O -0.039336026 0.090697423 0.096472137
O 0.162063390 -0.138136968 -0.032330282
O -0.707213163 -0.308453143 -0.391551495
H -0.572616339 0.134739637 0.227413803
F 2.177240133 -0.786182582 1.208209515
O 0.037745103 0.016601022 0.047163166
H 0.193733871 -0.296519041 0.275193244
H -1.876781940 -0.676751256 -0.920243442
H -1.206188560 1.112775564 0.592600167
O -1.427088618 0.592015266 0.011367334
H 0.390332460 0.300001860 0.315080762
N -1.802044868 1.946242213 -0.478102565
