19

H 0.892688692 -0.042672418 0.225157946
F -0.254295915 -0.230133995 -0.069928281
O 0.186220333 -0.208416477 -0.140880048
H 0.578339040 -0.445871532 -0.348635703
H -0.766206503 0.057838961 0.256045282
N 2.320252419 -0.128707603 -0.450284779
H 0.975624263 -0.228017017 0.103319131
O -0.396001160 0.443825364 0.230306685
O 0.036947485 0.282339036 0.240165114
O -0.700984299 -0.296971440 -0.327158868
C -0.276439071 -0.116562888 -0.102839507
N 1.870024323 -0.550754964 1.022204876
O 0.016742017 -0.583110571 -0.266979992
H -0.121536985 -0.141916960 -0.049337156
H -1.217866778 -0.322269440 -0.494112253
H -0.891629398 0.705334187 0.477568805
O -0.895225644 0.248323500 -0.031822689
H 0.069765195 0.057962693 0.108299911
N -1.426418066 1.499781609 -0.381088734
