19

O 0.229816407 -1.298543334 -2.593660593
H 0.835368395 -0.989707708 -1.216472745
O 0.597567201 -0.955004334 -1.121676326
F 0.864363432 -1.086712837 -1.057541847
H 1.111224771 -1.184648752 -1.330048919
O -16.188028336 -6.296405315 0.899874568
H 0.670433044 -1.009260058 -1.326498151
O 1.371325493 -1.030818105 -1.327461839
H 0.998695135 -1.098302841 -1.190339684
O 0.911926866 -1.193633556 -1.183074117
H 1.004148245 -1.112234592 -1.155633330
H 0.818435431 -1.035256505 -1.259020448
O 0.778886795 -0.778337121 -1.101617217
H 0.715604424 -0.952203631 -1.342535615
H 1.173524380 -1.070473790 -0.992939234
O 0.363744825 25.207136154 20.668664932
H 1.271439075 -1.512660503 -1.000681043
O 1.285429001 -1.191279054 -1.160251617
O 1.186095953 -1.411652327 -1.209088326
