19

H -1.355791092 -4.096104145 -1.550165534
H -0.338137627 -5.370336533 -1.219568372
H -1.471470118 -4.158322334 -1.411501288
H -1.265632629 -3.913803816 -1.568293333
O -2.533648491 -8.041813850 -1.849373341
O 38.544746399 13.975130081 -35.659198761
H -1.584304094 -4.183814049 -1.442181349
H -1.319968700 -4.168668270 -1.623377681
O -8.260130882 -8.234409332 -11.419378281
H -1.335595369 -4.093396187 -1.582467556
H -1.161786079 -4.080483437 -1.740021348
N -1.454832792 -4.198469162 -1.515075088
O -0.852451861 -5.353857040 -3.018419027
H -1.398317575 -4.126748085 -1.569229841
H -1.370341301 -4.192783356 -1.579949260
O -8.217426300 64.694396973 66.284431458
H -1.328872561 -4.224214554 -1.581296921
H -1.364705563 -3.799752235 -2.199675322
O -1.931332707 -2.432543278 6.244740486
