19

H -6.351997852 -10.719285965 -6.429855347
H -7.448600292 -9.548009872 -6.845242500
H -6.094066143 -11.272607803 -6.511781216
H -6.254185677 -10.594323158 -6.644220829
O -38.926956177 39.893405914 60.181423187
O 114.520507812 103.044654846 -43.976440430
H -6.258206844 -10.609448433 -5.968426228
H -6.512599468 -10.626907349 -6.719647884
O -7.634970665 -9.088168144 -3.817249775
H -5.901923656 -10.297848701 -6.611949444
H -6.233451366 -10.635153770 -6.619148254
O 24.011568069 -9.919154167 -22.023124695
O -9.711660385 -21.219684601 -7.733289242
H -6.581442833 -10.991444588 -7.025536060
F -6.715456963 -11.040237427 -6.545351505
O 1.476275444 36.113208771 105.723754883
H -7.373462677 -9.608591080 -7.707748890
H -6.321274281 -10.483436584 -6.634948254
O -5.688089371 -12.396971703 -8.091217041
