19

H 1.789364696 0.218066767 0.623683810
C -0.223447204 -0.493802339 -0.494191617
O -0.108422123 -0.722853124 -0.582780719
C 1.087363362 -0.645073473 -0.633033872
H -1.305686951 0.163441524 0.530003488
H 2.766025782 -0.039380901 -0.391682237
H 1.784929752 -0.303011537 0.307805091
O -1.091644764 0.376087874 0.099345140
O 0.092467070 -0.166474730 -0.029943794
O -0.629099429 -0.199896604 -0.278240710
C -0.547484040 0.185680270 0.272657692
C 2.301205397 -0.828059256 1.261990309
O -0.215885013 -0.763007343 -0.435041338
H 0.295177728 -0.330915362 0.248540550
H -2.068174839 -0.769031286 -1.020994186
H -1.318210840 1.248640895 0.744691730
O -1.400990248 0.580380082 -0.039938554
H 0.607347965 0.425288141 0.419034868
N -1.814836860 2.063920498 -0.601905823
