19

H 3.196329355 0.741875291 1.538388371
C 0.393617064 -0.134345740 -0.046281800
C 0.622419834 -1.323247075 -0.762271285
H 1.545702338 -1.853837371 -0.834556818
H -2.827949047 0.304619908 1.420261979
H 3.151296616 0.158536449 -0.104773849
C 2.624900818 0.102526590 0.875200510
O -3.003310919 1.030015111 0.816868842
N -0.489946425 -1.673999190 -1.413220406
C -1.460290074 -0.775271416 -1.143486857
C -0.966933310 0.218305618 -0.273278117
H 2.717181921 -0.897981942 1.210337281
H -0.605736792 -2.453858852 -1.975681424
N 1.270703077 0.542592645 0.843105614
H -2.501937866 -0.902438819 -1.521344543
H -1.111322403 1.918593526 0.951552153
C -1.714397907 1.364369988 0.234390125
H 1.138795495 1.546452999 0.742239356
H -1.979122281 2.087092400 -0.557448804
