19

O 0.835830033 0.171736017 -0.030871816
H 0.521178901 0.080735132 0.109538101
O 0.759124935 0.208361968 0.162197232
C 1.664062262 -0.080190465 -0.905160964
H 0.274501503 0.038095634 -0.027313087
O -12.332844734 -1.482275963 0.099279903
H 1.575497508 0.126246810 0.324259430
O 0.624355316 0.102756202 0.004425831
H 0.574228466 0.071424410 0.076186657
C -0.373678029 -0.122520551 -0.640154660
H 0.563772380 0.104439557 0.058905959
H 2.270100832 0.084993437 0.214388728
O 0.687159717 0.261207342 0.138154611
C 0.843840599 0.028859925 0.188161999
H -0.440917909 -0.458130658 -0.307758570
O 0.595758915 -0.043059070 -0.031635068
H 0.159670293 0.396594703 0.163567007
H 0.923533976 0.200271949 0.158479959
O 0.274825275 0.310453683 0.245348632
