19

H 0.289220423 -3.749516010 -5.555511951
H -0.134724855 -4.164124966 -5.341073513
H 0.241195232 -3.746557951 -5.559865952
H 0.214797735 -3.747684479 -5.576529980
F 0.251902163 -3.806750298 -5.744115353
O 6.367114544 5.748979092 -16.531974792
H 0.217082024 -3.743212700 -5.578733921
F 0.214010268 -3.667199135 -5.596863747
C 0.177563190 -3.653517962 -5.513282776
H 0.218330115 -3.757205963 -5.590116024
H 0.241548002 -3.740786314 -5.564513206
O -0.603065312 -4.321921825 -5.194680691
O 0.243720651 -3.669969082 -4.968072414
H 0.226716161 -3.821407557 -5.519684315
H 0.236727417 -3.721580982 -5.538204193
O -9.280879021 58.801654816 110.654647827
H 0.202376634 -3.727491140 -5.541385651
H 0.209220737 -3.737582207 -5.590998173
O 0.467143655 -3.774126530 -6.149043083
