19

H 3.086832523 0.718248785 1.716076612
C 0.226910070 -0.072167985 -0.305480093
N 0.634636760 -1.368573308 -0.905039012
H 1.778948069 -1.693646669 -0.908668160
H -2.624336958 0.231053993 1.300933599
H 3.243609667 0.200349450 -0.035780948
C 2.685049534 0.061781764 0.628480017
O -3.040274858 1.014617920 0.910518646
N -0.536038339 -1.725266814 -1.395001531
F -1.513250947 -0.710548282 -1.257811308
H -0.950786829 0.497068763 -0.129583552
H 2.620037079 -1.061654210 1.359181404
H -0.549454927 -2.341240168 -1.807651162
C 1.188066244 0.342757791 0.787488759
H -2.524538994 -0.869204223 -1.298459053
H -1.121796012 1.965232849 1.075196743
C -1.823531151 1.315551162 0.086298071
H 1.104768395 1.384473443 0.650691330
C -1.884849429 2.111165762 -0.471390516
