19

F -0.346546829 -0.043442104 -0.205510929
N 0.058505297 0.182009473 0.172986522
F 0.192645133 0.339696676 0.360206544
H -0.333579898 0.088188931 0.249336436
H 0.471215785 -0.101666614 -0.245535865
O -0.610538602 -0.100933298 -0.077487245
H -0.729317069 -0.083866879 -0.179089174
H 0.585493207 -0.190675542 -0.193066373
H 0.196865499 0.144348934 0.178157315
O -0.313680828 0.699790299 0.899525404
H 0.453692377 -0.294789791 -0.220462769
O -0.167914748 -0.071177214 -0.039874326
O 0.161408722 3.172644138 1.026156783
H -0.191760182 0.287705421 -0.323750049
H 0.127281085 -0.009538937 -0.034074184
O -0.651559830 -0.159119472 -1.452146649
O 2.074621677 -2.786491394 0.242358610
H 0.058262438 -0.289748669 -0.258159220
O -1.035093307 -0.782934129 0.100429170
