19

C 3.088176727 0.591298699 1.578765512
C 0.049329888 -0.374586254 -0.309424937
O 0.322807163 -1.260355115 -0.806116879
C 2.047202110 -1.298640728 -0.947913289
H -2.343456984 0.143684328 1.112175226
C 3.490944386 0.162788838 -0.202012315
H 2.733692646 -0.162384450 0.741950154
O -2.863827944 1.109157443 0.783821404
O -0.350803614 -1.575705886 -1.243219614
O -1.699968576 -0.713115573 -1.106680512
H -1.116165638 0.623797894 0.180116326
H 2.892198086 -0.915725827 1.617696762
C -0.636323035 -2.362357378 -1.766536474
H 1.048143744 0.135337546 0.854170382
H -2.832608700 -1.018653870 -1.482595563
H -1.277570605 2.052408218 1.151346326
H -1.861809492 1.271407843 0.057658315
H 1.141495585 1.247188687 0.388146043
C -1.831455708 2.344455481 -0.601347029
