19

H 3.024511099 0.600890756 1.690745115
C 0.043238841 -0.143726379 -0.262429327
O 0.584609389 -1.368111014 -0.933097005
H 1.860886931 -1.468196273 -0.857087433
H -2.560828686 0.367787540 1.174688339
H 3.404205799 0.299274266 -0.225998670
H 2.649398088 0.010886386 0.754804730
O -2.733344316 0.910459638 0.746387362
F -0.516546071 -1.788210392 -1.372438192
O -1.514086843 -0.605079651 -1.029260397
C -1.033742666 0.489663273 -0.125699908
H 2.730793238 -1.137474418 1.470971942
C -0.570214450 -2.344473362 -1.720604897
H 1.169286132 0.307549775 0.769878387
H -2.602012396 -0.942127228 -1.280022383
H -1.202408552 1.959464669 1.150208235
H -1.847376466 1.234729171 0.082617000
H 0.948029339 1.368942022 0.488310456
H -1.834398985 2.247750998 -0.521973550
