19

C 3.095768929 0.551860988 1.499140739
C -0.049477004 -0.463080287 -0.478457570
O 0.323068768 -1.142646909 -0.846726894
C 1.945004106 -1.301187158 -0.992221832
H -2.340950489 0.167165726 1.083394527
H 3.616450310 0.190489590 -0.114831083
H 2.680464506 -0.046121512 0.732029676
N -2.831847191 1.225238442 0.665489376
O -0.275160939 -1.420666099 -1.010618687
O -1.799614429 -0.900836408 -1.121551394
H -1.077988505 0.589837015 0.264053673
H 2.924723387 -0.971771538 1.522450447
C -0.575574577 -2.428754091 -1.589372158
H 1.075560570 0.003292680 0.853167474
H -2.843180895 -0.943575501 -1.335391164
H -1.340261817 2.001043558 1.014430285
H -1.984203577 1.299939036 0.063665718
H 1.225319862 1.106691003 0.417771876
C -1.768101215 2.483081579 -0.626423180
