19

H 3.535329342 -4.556767941 -6.120643139
H 4.664474964 -5.928417683 -5.380192757
H 3.482953787 -4.427923203 -6.177761555
H 3.383151531 -4.288872719 -5.929918766
O 3.855684996 -4.671366692 -6.538457394
O -3.564385653 -5.133755207 -4.560411453
H 3.287316561 -4.535515308 -6.057564259
H 3.523929358 -4.611150742 -6.330411911
C 3.622756720 -4.379018307 -6.248975277
H 3.516842127 -4.434770107 -6.205833435
H 3.421432495 -4.407626152 -6.355789185
O 22.166322708 -6.368577003 -17.551956177
O -48.473007202 -75.964286804 -14.813364983
O 3.239498377 -4.478733540 -6.244640350
H 3.369635344 -4.482572079 -6.147101879
O -6.006496429 149.529678345 99.051864624
H 3.531003237 -4.544164658 -6.176474094
H 3.328832626 -4.465412617 -6.923367977
O -13.885269165 2.149258137 24.711006165
