19

H 2.958421469 0.611241162 1.743790746
C 0.171331242 -0.088219807 -0.263934821
O 0.566538513 -1.365116358 -0.976664901
H 1.830534935 -1.521049500 -0.878168404
H -2.664626598 0.369400740 1.275315046
H 3.320907593 0.213579550 -0.094355404
C 2.642333508 0.008357453 0.649819076
O -2.373735905 0.845688283 0.667149782
C -0.572552562 -1.629261136 -1.330439329
O -1.555604935 -0.616765559 -1.185932279
H -1.102847099 0.524922192 -0.170793518
H 2.592193842 -1.083641052 1.454931378
H -0.546795905 -2.356981754 -1.755382419
C 1.147432804 0.288666308 0.829992473
H -2.599672556 -0.899649322 -1.244202018
H -1.160001755 1.864762783 1.083892703
C -1.808565140 1.265213490 0.049430080
H 1.046971798 1.391942501 0.628630161
C -1.892262697 2.176909685 -0.483077824
