19

O 0.032062076 0.133591309 0.002410414
H 0.135679558 0.084925517 0.102042943
O 0.283403695 -0.069083899 -0.029296277
H 0.491931021 -0.044473279 -0.267793655
H -0.012206754 0.065444633 0.178297609
O -1.249153972 -1.307902575 1.663604021
C 0.434082776 0.066295013 0.135631949
O 2.190987349 0.181638673 -2.680913687
H 0.090841644 0.070321143 0.126134723
H -1.339431763 -0.300387383 -0.795232475
H 0.038566686 0.073842511 0.150179535
H 0.842873931 0.014824923 0.272258759
O 0.135373831 0.326053321 0.160340458
F 0.293835014 -0.042592067 0.237328082
H -1.378085136 -0.591600418 -0.240233153
F -0.548569679 0.663822293 0.626291275
H -0.652560592 0.683788836 0.160087615
H 0.178409994 0.008384075 0.080528304
O 0.031960510 -0.016892534 0.118333310
