19

N 0.635707855 0.238938287 0.040498011
H 0.370399982 0.213296220 -0.039233990
C 0.254129380 0.342239410 0.180123001
H 0.422563761 0.244703487 -0.011557631
H 0.258696347 0.094607309 -0.163949788
O -8.251221657 -2.386774063 2.088124514
H 0.434867948 0.190928534 -0.122557096
O 0.969111085 0.962220967 -1.254390001
H 0.385200828 0.221994415 -0.030426167
H 0.092578560 0.214801088 0.117090411
H 0.356375068 0.259021789 -0.004616819
H 0.629295349 0.262393415 -0.111577384
O 0.426965863 0.489576370 -0.000495277
C 0.253450125 0.244799152 -0.270467132
H -0.132154733 0.167011902 0.180280209
O 0.460820526 0.005152659 -0.194317460
H 0.192458302 0.234627917 -0.011640318
H 0.327639133 0.038258448 -0.126156390
O 1.913116574 -2.037796974 -0.264730573
