19

H -9.209051132 -6.394172668 -4.363419533
H -9.214559555 -6.446794033 -4.704902649
O -3.397172928 -7.794809341 4.347514153
O -46.648593903 -15.129694939 57.357646942
H -9.382963181 -5.922540665 -4.501864433
H -9.179820061 -6.361898422 -4.677264214
N -9.217563629 -6.478648186 -4.693418503
H -9.124586105 -6.538152218 -4.594717026
O 90.171821594 67.532089233 135.273269653
H -9.206069946 -6.553152084 -4.286957741
H -8.743053436 -6.337569237 -4.584038734
O 112.596923828 78.473937988 -98.163230896
H -9.307209969 -5.985251427 -4.467218399
H -9.079191208 -6.189271927 -4.609278679
F -9.146477699 -6.799316406 -4.790244102
O -21.978433609 -27.487617493 -15.454360008
O -9.496360779 -13.027619362 -23.701421738
H -11.378839493 -6.193210602 -4.914875984
H -9.058803558 -6.366300583 -4.471216202
