19

O -0.526557386 0.320803791 -0.312246084
H -0.183447093 0.223149613 0.090358913
N -0.480997920 0.523563623 0.351317346
F 0.130189613 0.255519688 -0.197118178
N -0.225462213 0.031402070 0.025512330
O -2.550844908 -0.445099205 0.783984363
H -0.434302509 0.297854751 -0.091806129
O 0.060925413 0.186392143 -0.345261633
H -0.093694940 0.328739196 0.123254314
O 0.145959303 0.491798371 0.281765640
H -0.150215626 0.194402590 -0.062262520
H -0.387776017 0.317704409 -0.029470287
H -0.067537621 0.834335804 0.399162412
H -0.484380901 0.311532050 -0.284777105
H -0.205264077 0.432809770 0.182659611
O 6.444657803 -3.852359295 -1.398304701
C -0.258862108 0.204894975 0.149155140
O -0.546111465 -0.721222758 0.287239730
O -0.186277717 0.063778952 0.046836667
