19

H 0.073640600 -1.115971446 -2.125574827
H -0.024932690 -0.934370041 -2.416718006
H 0.094425634 -1.091566324 -2.141524076
H 0.198505357 -1.012562394 -2.406094551
O 0.077610776 -1.159916282 -2.312405825
O -1.196691632 -1.884841084 -1.021975160
H -0.001352742 -1.144177914 -2.132296562
H -0.029844478 -1.189395666 -2.077190161
O 0.661126971 -2.301367521 -5.547741413
H 0.072132394 -0.923388422 -2.084536552
H 0.095453247 -1.208606839 -2.260281324
O 0.232452407 -0.860193968 -2.146984816
O -0.040176675 -1.151021838 -2.003839254
H -0.009342901 -0.995911717 -2.269054174
H 0.007888690 -1.181752324 -2.012767553
O -2.994948387 26.223297119 38.467510223
H 0.048391670 -1.113591313 -2.153375149
H -0.019296750 -1.148727655 -2.148270607
O 2.754958630 -5.805935860 0.793116868
