19

H -6.182700634 -6.295767784 20.124259949
H -3.070974827 -9.594834328 20.409624100
N -8.494247437 -9.318160057 20.866052628
O -6.162609100 -1.863333583 25.065773010
H -9.355766296 -6.045655727 18.010679245
O -105.431404114 12.567588806 -28.424806595
H -4.860076904 -5.625166893 22.389858246
H -5.919547558 -9.272960663 19.909242630
O 117.574699402 29.619129181 -76.023330688
H -5.032134533 -8.182148933 22.893716812
H -6.560479164 -8.949251175 19.819681168
O 44.557487488 24.869222641 -95.872627258
O -12.879312515 95.365608215 -112.142562866
O 50.676513672 -53.314338684 -8.769624710
O -13.895938873 -2.930301189 21.016771317
O -24.705259323 12.099157333 64.188354492
O 7.906936169 -42.447067261 1.857891917
H -2.449398518 -5.781890392 23.188459396
H -5.715795040 -4.899815559 21.492597580
