19

O 0.030150652 -0.100811973 0.013311608
H -0.146392003 0.037490740 0.040437125
C 0.103030413 0.029309377 0.044580102
H 0.954713523 -0.313919485 -0.976970315
N -0.903159261 0.411123991 0.343443394
O 1.841909528 0.329416573 -0.200999096
H 1.031525850 0.085665464 0.350177497
H -0.805584431 0.296864510 0.372848153
H -0.268613845 0.002983049 0.015543951
O -0.255984336 -0.101232454 0.037969302
H -0.242403194 0.080176309 0.053354364
N 1.348947763 -0.021681085 0.283743024
H -0.472091913 -0.564897180 -0.296020418
H 0.132014111 0.044335589 0.136224240
H -1.533258200 -0.501642048 -0.396616518
O -0.021152157 -0.119204089 0.126244947
O -0.546682596 0.121449128 -0.057522595
O -0.005858898 0.154702425 0.120108843
O -0.241110995 0.129871204 -0.009857642
