19

H 0.218186736 -0.025709122 0.031545710
O -0.037140734 0.170710832 0.160730362
O -0.431817830 -0.287641287 -0.302987546
H -0.020773944 0.065611474 0.200996339
H -0.201270968 0.136709958 0.042043287
O 0.598626256 0.171398163 -0.048448529
H 0.251155704 -0.021754630 0.047114458
O -0.637587070 0.258089513 0.085791513
F 0.088047616 0.083653405 0.092434511
O -0.230498374 0.015618704 -0.107275203
O 0.076039366 -0.044670559 0.038399879
H 0.610108852 -0.092020310 0.238246322
O -0.202987552 1.849476099 -0.052921522
O 0.005575053 0.185258597 -0.336155832
H -0.659304142 -0.010403894 -0.250532657
H -0.283234030 0.309143484 0.090738013
O 1.506392002 -3.223109245 0.320720166
H -0.043410838 -0.237150997 -0.151969954
H -0.606106102 0.696789742 -0.098469332
