19

O -0.033296227 0.253139734 -0.497396767
H 0.309322894 0.105749056 0.191295028
O 0.277011693 0.195197359 0.227750450
H 0.160163999 0.186635509 0.182077646
C 0.443931282 0.029166833 0.092799909
O -10.940321922 -3.006542921 2.327335835
H -0.099850595 -0.006975636 0.002279170
O 2.268232346 -1.576938391 -1.435225487
H 0.329416096 0.080350831 0.228851110
H 0.615782738 0.079368591 0.712044835
H 0.151504517 -0.071015403 0.239697576
H -0.005407989 0.098802045 0.081128784
O 0.511526406 1.038642168 0.676603973
H 0.078131378 0.337696254 -0.087351255
H 0.569966853 0.231160179 0.671924531
O 0.467426002 -0.143754825 0.128738761
H 0.640909910 -0.377960920 0.443038672
H 0.297749877 -0.123665288 0.083879359
O 3.957801342 2.670944929 -4.269472599
