19

H 3.084477901 0.746276677 1.676916242
C 0.316476405 -0.110118471 -0.285093933
C 0.602323294 -1.325029731 -0.791793406
H 1.755820036 -1.763085365 -0.909966111
H -2.708009005 0.245090276 1.405137300
H 3.301254988 0.219485909 -0.008453568
C 2.686505556 0.086223945 0.647235513
O -2.979979515 1.071405411 0.911163449
N -0.448943317 -1.749805808 -1.420946002
C -1.497830510 -0.729802012 -1.234698653
H -0.903847635 0.423513621 -0.164143205
H 2.597311735 -1.072974682 1.319356561
H -0.672663450 -2.271480083 -1.872840166
O 1.205208778 0.349427313 0.753591418
H -2.506726980 -0.887204111 -1.288610697
H -1.230787277 1.927075386 1.069615722
C -1.766682744 1.330974698 0.084097251
H 1.146612406 1.389475226 0.662770808
H -1.980519891 2.120551586 -0.553338826
