19

O 0.084497303 -1.515099525 -1.213032126
H 0.604006648 -1.676651120 -0.141562998
C 0.610272050 -1.562213421 -0.210523188
H 0.569049001 -1.682450652 -0.133663714
C 0.895194888 -1.564389944 -0.492645919
O -9.229117393 -0.090570450 -1.672357917
H 0.274134010 -1.822290540 -0.305729270
O 1.624086738 -2.640752792 -0.693811834
H 0.628355742 -1.671023488 -0.149147987
H 1.096750498 -1.556961536 0.059360716
H 0.668108582 -1.965960026 -0.091944754
H 0.177051872 -1.756084442 -0.128787994
O 4.069346905 0.836864233 1.569704890
N 0.557780743 -1.567430377 -0.449632943
H 1.467208982 -1.304076672 -0.000686821
O 0.739854693 -2.091329813 0.097736090
H 1.143167377 -2.044052124 -0.090358317
H 0.612501264 -1.735202074 -0.220179200
O -6.592250347 27.409673691 4.267263412
