19

N 10.716187477 11.075049400 -3.730136871
H 10.856548309 9.854516983 -0.760798097
H 10.783898354 9.899142265 -2.520484686
O -46.219112396 10.592944145 8.328416824
H 9.719702721 10.517039299 -2.699851274
O 8.835291862 9.629549980 -2.754098415
N 10.091126442 11.521986961 -3.341037750
H 10.175072670 9.036920547 -4.568944454
O 82.361221313 -79.274368286 -100.062019348
O 14.148595810 3.860447407 -0.312518120
O 10.928035736 45.383796692 30.625438690
O 32.107692719 1.309500337 2.316089153
O -68.797607422 -36.562961578 119.155662537
H 10.175315857 11.542602539 -4.071223259
H 9.544360161 9.642246246 -3.896139145
O -142.451095581 -67.217689514 -21.432231903
H 9.393679619 10.130177498 -4.109719753
H 8.061109543 10.579134941 -3.712760448
H 9.569979668 8.479966164 -2.453641653
