19

O 22.451982498 -2.573484898 10.915344238
H -3.076668262 8.355298042 -2.282414436
H -0.698041201 4.780347347 -3.193769932
O -4.718776703 5.008923054 -4.364529610
F -2.156397343 7.152490139 -1.897029161
O 78.113067627 106.959060669 -94.438293457
H -1.705293655 6.108725071 -2.613790274
H -3.159415245 5.992265224 -3.995459795
O 40.202915192 -63.498565674 -101.072402954
H -1.861043692 4.746046543 -3.355538130
F -0.988074780 6.294755459 -2.422168732
O 24.152345657 32.362545013 -2.036334276
O -123.408966064 -77.180900574 80.634811401
H -1.759609699 5.899370670 -4.006766319
F -1.282479525 4.454049587 -3.914006472
O -9.657145500 -73.230567932 149.751708984
H -4.565748215 7.133212566 -4.332129002
N -3.390868425 5.120687962 -4.427673340
H -2.491789341 6.115721703 -2.949561596
