19

H 3.158435345 0.747281730 1.601665497
N 0.428021014 -0.147208959 -0.162517875
C 0.574660242 -1.321807146 -0.738187611
H 1.571770906 -1.760303259 -0.833432317
H -2.819776535 0.298504889 1.397381067
H 3.206961393 0.201488778 -0.124065682
C 2.645873547 0.170345083 0.863944113
O -3.007531166 1.030906916 0.833204985
N -0.477119356 -1.635254145 -1.440151691
C -1.440354109 -0.686868727 -1.132231593
C -0.926463425 0.244200364 -0.282749116
H 2.668654919 -0.995190263 1.195063233
H -0.621865332 -2.433375359 -1.912027359
N 1.245980024 0.474427640 0.880245030
H -2.538960218 -0.858156383 -1.476918697
H -1.170848131 1.948025823 1.002271652
C -1.715079308 1.334733248 0.207809299
H 1.196460247 1.374039769 0.712484300
H -1.978819728 2.014209747 -0.591787279
