19

H -4.162426949 -12.605888367 -2.969268560
H -4.355339050 -12.704360962 -3.646561384
H -4.053717613 -12.823504448 -3.137952566
H -3.844596624 -12.544484138 -3.084104061
O -6.238725662 -13.169384956 -4.425264359
O 84.652763367 121.606971741 -99.921081543
H -4.032408237 -12.767224312 -2.907031059
H -3.902922630 -12.579771996 -3.100457430
F -4.067954540 -12.755660057 -3.254460573
H -3.913326502 -12.535906792 -3.073729515
H -3.871995926 -12.583615303 -3.074075699
O 8.430625916 -13.438087463 -1.725918651
O -3.248625994 -12.562403679 -3.892085314
H -4.143500805 -12.665060043 -2.929835558
N -3.868379354 -12.573105812 -2.995680094
O -20.840627670 97.342948914 147.392257690
H -4.648748398 -12.358862877 -3.196700811
H -3.893149376 -12.563694000 -3.065458059
O -9.996934891 -15.718907356 3.007408142
