19

H 2.532199621 0.516952515 1.070784211
H -0.243518919 -0.544044137 -0.647007465
C -0.090345666 -1.034222960 -0.687154353
C 1.443022370 -0.939315498 -0.747651458
H -1.738357186 0.018287554 0.605789542
F 3.253132105 0.193203866 -0.430214524
H 2.300035238 -0.100013472 0.614845932
O -2.360615969 0.881542683 0.378849804
O -0.253050447 -1.027729154 -0.838316321
O -0.292699516 -0.153433293 -0.146504268
H -0.841294885 0.314154536 0.344843984
H 2.828482866 -0.832203448 1.349622965
F -0.478558183 -1.966661572 -1.120778561
H 0.811839223 -0.153357416 0.696540654
H -2.593134642 -0.838969350 -1.244463086
H -1.337738633 1.734993219 1.050508618
N -1.682281375 0.880352557 0.015380993
H 0.660602868 0.828619361 0.375725508
C -1.917718887 2.221844196 -0.640801966
