16

H 2.141510963 1.452483177 1.078293085
H 1.045518279 -1.953279018 -0.186183602
H -1.530865669 0.695830762 -1.303738952
C -1.332816958 0.603307724 -0.231900036
O -3.415225983 -0.597872853 -0.200132936
H 0.285684049 -1.310367823 -1.715948582
C 0.682291210 -1.095199585 -0.742583752
C -2.432361603 -0.230335936 0.386874765
H -1.375759602 1.601624727 0.219395205
C 0.032352015 0.020203326 0.007271918
C 1.883035064 0.422718436 0.811434031
H 2.647320747 -0.271978319 1.178836107
H 1.690684795 0.828492701 -1.476784587
C 1.384306550 0.246836454 -0.621429443
H -2.259726048 -0.502417505 1.456479549
O 0.554052293 0.089953400 1.340116858
