21

H 0.571380734 2.858627558 1.591908336
H 0.614103377 0.368775845 -1.987680197
H 0.269604445 -1.032237768 1.532547712
C -0.393479496 -2.382775545 0.028934838
O 1.156662107 -0.604888082 -0.246203274
H -1.909767389 -0.172723457 1.116113782
C 0.550816357 1.875854969 1.154778004
H 2.199263811 0.742616415 -1.298747182
H -1.674608111 -0.135494173 -0.618277788
O -0.668293238 -2.444048882 -1.358546376
H -1.498165488 2.211424112 0.385871798
C -0.022008350 -0.973319829 0.479801983
H 0.408024728 -3.066905499 0.307474405
H 0.148501128 -2.184316635 -1.782708406
H 0.622960269 2.686111927 -0.922705233
H 1.094988585 1.127374887 1.710941911
H -1.300154328 -2.711773872 0.542800307
C 0.554418802 1.767040730 -0.356106043
C -0.712969184 1.474622726 0.414638072
C -1.169779181 0.035056155 0.346880764
C 1.158500433 0.560978413 -1.041717172
