17

O 0.974553883 -1.931644201 -1.102443695
C 0.935246229 -1.035156608 -0.124772467
C -0.054737866 -1.433447719 -2.040927410
H -0.164893910 2.220479012 2.502903938
O 1.760857940 -0.986049950 0.924616277
H -1.080652237 0.514154792 -1.943490028
C -0.573674500 1.846091270 1.584416151
C -0.028853351 -0.091225095 -0.127610996
H 0.487907797 -1.006173491 -2.892200708
H 1.846876025 0.301531583 2.566573620
H -1.887771368 -0.752680957 -1.021885157
C 0.203394964 0.667130649 1.081115961
H -0.576308310 2.657581091 0.858465195
C 1.292915940 0.102408864 1.664325356
C -0.898969054 -0.350374967 -1.293629885
H -0.611958861 -2.298148870 -2.376804352
H -1.623932958 1.575524569 1.741348624
