19

H 1.766951561 0.971868038 -0.796368837
C -1.615707517 0.598379672 -1.712531209
H -1.473250389 0.668273866 -2.794702053
C -0.222636461 -0.257228196 0.398025125
H 0.124357559 -0.401295781 3.048196077
H 1.075330377 1.089524269 3.065006495
O 0.189819396 0.702135324 1.290394783
H -1.993568063 1.555977106 -1.354293704
C 0.999222994 0.655526400 -1.498371959
H -1.180161119 -1.551291823 1.444311619
N 0.641382396 -0.781122506 -1.561526418
C -0.330048382 0.281524628 -1.021014810
O -1.409104466 -0.910286188 0.795461714
C 0.800957859 0.232571274 2.457766533
H 1.069597483 1.112630129 -2.476721287
C 0.803247929 -1.267756820 -0.218820944
O 1.417438030 -2.197716236 0.186898217
H 1.703886867 -0.341941655 2.242015123
H -2.367715597 -0.159771442 -1.493725061
