21

O 0.619816303 -0.755259275 1.546367288
H 1.713828564 1.303519249 0.039789818
C -0.009071227 -0.774423957 -0.893192649
H 1.926827073 -1.638462305 -0.408013046
H -2.462335110 -0.926745236 0.377757579
C -0.368539304 -0.583316326 0.575378299
H -1.651487350 1.922194719 -0.217749700
H 1.277346373 -2.137030602 -1.947667837
H 1.968951941 -0.537785649 -1.786235571
H 0.839182019 2.204327822 -1.192789078
O 0.285922050 2.688189745 0.682551861
H 0.293775409 2.291433811 1.546411395
H -1.603068709 -2.146539688 1.320437789
C 0.734644234 1.691022396 -0.238934621
O -1.534484506 1.135931373 -0.765692770
H 1.352786779 -0.254340857 1.387050271
H -1.950929761 -0.574912846 2.022996902
C -0.305663466 0.606207550 -0.365100265
H -0.819875181 -1.124954939 -1.510389328
C 1.370261192 -1.297439456 -1.271050692
C -1.677886963 -1.091615319 1.098073840
