15

C 0.056654368 -0.616666675 -0.283483773
O -1.670873284 0.974617362 2.227522373
H 2.184651375 -0.392907649 -0.015342284
C -0.651899934 0.567387462 -0.798525035
O 1.171793222 -2.453824759 -1.276806474
H 1.290635824 -0.587749124 1.524384141
H -0.311837792 2.658860445 0.132613719
C -0.194773197 1.584695101 0.260907263
H -0.835663915 -2.208397388 -1.472374201
O 1.127463937 1.279809237 0.618787289
H -1.088923573 0.706519663 -1.780021548
N -1.332280636 -0.303230107 0.228070915
C -1.143024802 0.792809486 1.188260794
C 1.261614799 -0.141013294 0.526083112
C 0.136463627 -1.860910296 -1.080076456
