15

C -0.810346127 -0.646946788 0.996586680
C 1.728865981 -1.280331135 -1.052204967
C 0.986397743 -0.022722933 -0.836609364
H 1.673797011 0.800607979 -0.970827758
O -0.014932042 0.147556573 -1.804334879
C -1.465756297 1.685586572 0.155428231
H -0.570985317 1.320223212 2.016443491
C -0.683912218 0.869608521 1.050466418
C 0.479135424 0.001003007 0.602048099
H -0.859167278 -1.175445318 1.939494848
N 2.285279036 -2.275469780 -1.230226159
H 1.288376808 -0.048678778 1.335018158
N -2.115420103 2.357795000 -0.498079628
H -1.444890738 -1.044710994 0.213119969
H -0.476441771 -0.688075423 -1.916322947
