19

O -1.349467993 -0.322151393 -1.469127178
O 0.543229997 1.152102351 2.406439543
C -1.427193999 -1.025307894 -2.683670044
C -0.130559295 0.226890773 0.484135121
C 0.949002802 0.502569675 1.278292418
C -1.272418022 0.758031726 1.168367147
H -2.293555737 0.727821052 0.819925725
H 0.710497439 -0.140145034 -1.446926117
H -1.272092819 1.790814519 3.149974585
H 2.756357670 -0.431878865 1.941247225
H 2.615745544 -0.224276379 0.187692165
C -0.110695951 -0.501343369 -0.811998546
H 2.982328176 1.159670472 1.215853691
H -1.283503652 -2.105677605 -2.548968077
H 0.067616463 -1.575114250 -0.648808300
H -0.661474824 -0.679568887 -3.404698610
H -2.414286375 -0.846009910 -3.113568068
C -0.809040189 1.297327876 2.326365948
C 2.399510622 0.236245111 1.149471879
