18

H 1.397767425 0.562549949 1.329420805
H 0.110205188 -2.536006212 -0.320946455
H -2.013500690 1.192510843 -0.105577014
H -1.210500956 -0.970965266 0.992955565
C 0.305234969 0.527988374 1.253544569
C 0.519776046 -1.545487642 -0.143705502
C 0.315802127 -0.698132992 -1.368524790
H 0.507282376 2.330270052 0.076202817
C -0.127465740 -0.914116383 1.094532967
H -0.094696544 0.982162416 2.155062675
C -0.112667896 1.432866693 0.069094494
H 0.127519429 -1.483740211 1.984364033
H 1.590269446 -1.667645454 0.017095162
O -1.445841432 1.895636082 0.199955687
C 0.045149215 0.751046836 -1.276702404
H 0.281216890 1.393054247 -2.106800795
H 0.798718393 -1.057907701 -2.275653601
O -0.994268477 -0.194083571 -1.574318647
