22

H 2.200373888 -1.812807560 0.841649592
C 0.271719247 -0.070900068 -0.198873401
H 0.240665823 3.167989492 -0.767637551
H 1.693334818 -1.767494678 2.535716295
H 0.368168175 -1.713789701 -1.250762105
H -1.877948165 2.184046507 -1.520817399
H 2.024662971 1.152710915 -0.672856510
C -2.260803223 -0.609177113 -0.763989270
C 1.040757179 1.281334043 -0.214626491
N 0.208246663 2.181342363 -1.010059476
H 2.375437260 -0.322578490 1.768510103
H -0.315175116 -1.676668286 1.104732394
C -1.122385979 0.335532606 -0.666176677
C 0.316067666 -0.777524829 1.163069129
O 0.894303143 -0.904960096 -1.204812288
H -3.155055523 -0.108305186 -1.180729270
H -2.557008028 -1.011945128 0.216425464
H -2.046265841 -1.460721016 -1.399814725
H 1.171813726 1.656979680 0.804722548
H -0.137889311 -0.131875038 1.908980727
C 1.733435631 -1.195895433 1.595618963
C -1.066454887 1.604706168 -1.088270426
