16

H 0.043766577 2.220183849 -1.441701412
O -0.038685933 -1.022242785 -1.212136269
N 0.475505769 0.274989188 1.359566927
H 1.806151390 1.466395378 0.234506726
H -2.092279673 -1.083845615 -1.242287159
H 1.671046138 -0.006362769 -1.876688600
H 0.819201708 0.650386393 2.198914289
H 0.379797339 -1.804064155 1.057756066
H -0.546739101 -1.157606125 2.428253651
O -1.437976956 -0.936773002 0.636597216
C 0.941126585 0.825778723 0.146023899
C -0.232568547 -0.962856293 1.409785151
C 0.845315158 0.084441356 -1.176460147
C -0.023527555 1.267973185 -0.952176809
O -1.339876890 0.781710565 -0.880891323
C -1.270256042 -0.598108053 -0.689062238
