19

C 0.234496161 0.587867856 0.790883958
N -0.364617437 -0.496601880 0.058356743
H -1.793603301 2.044605732 -1.511013031
H 1.330948234 0.617745817 0.683489203
H -0.046976041 -2.130105734 1.291683435
H 1.504852295 -3.324749470 -0.252739370
H 1.315523624 -2.040339470 -1.469894648
H 2.133585215 -1.717906475 0.064593852
C -0.033371244 -1.880909681 0.230365679
C -0.393654287 1.816073895 0.153035551
N -0.095897339 3.051734209 0.609893203
H -0.832899630 -2.442347527 -0.263473779
H -0.559978247 3.864649534 0.226626456
C -1.219266653 1.415512800 -0.848771095
H 0.515834749 3.171749115 1.388796091
O -1.806164503 -0.777787983 -1.696869731
C 1.319819093 -2.258276463 -0.402557462
C -1.217596412 -0.042964097 -0.925644636
H 0.008965777 0.542048752 1.873239875
