23

H -1.466896534 0.348562419 1.844773889
H 1.698747039 2.841593504 0.306094229
C 0.664668620 -1.640860081 0.153363243
H -2.087871552 0.193154216 -0.457577378
H 0.787277997 2.461166143 1.781562090
H 1.026212335 -0.736584067 -2.622493744
O -0.014117043 1.698900819 0.007659866
C 0.612406373 0.454524785 0.022192825
C 0.424811542 -0.528352797 1.212661743
H -0.505237699 0.141705617 -2.743181705
H 1.044000983 -0.464082181 2.117496967
H -2.037733316 -1.571310997 -0.361312985
H 1.671508312 0.542672038 -0.263998568
H 1.713048816 -1.756520867 -0.125029787
C -1.090827703 -0.568878412 1.374976158
H -1.412869334 -1.429497719 1.962245584
H 0.132895604 3.625907660 0.615388632
C -0.000672466 -0.726845205 -2.286100864
C -1.490264177 -0.664592803 -0.130490035
H 0.217703179 -2.621213436 0.337555557
H -0.481834292 -1.628755689 -2.681282759
C -0.093407393 -0.664175093 -0.783940554
C 0.688450217 2.693481922 0.719437480
