21

C -1.798940063 0.704883695 -1.253889561
H -1.694728732 1.604455948 -0.656165779
H 2.346680641 1.916219354 1.772666574
C -0.946546376 -2.352660894 -0.115528651
C 0.864663482 1.056282640 0.436974674
H 1.886036158 1.516757131 -1.153031230
H -0.136742979 -3.080179453 -0.113039598
H 2.883069992 0.429551512 0.968165278
H -1.895955682 -2.832557201 0.138804927
H -1.512914538 0.949160635 -2.288839817
H 1.721574664 0.327283859 2.299145222
C -0.703901112 -1.042175174 0.612057269
H -2.851717710 0.397829592 -1.263454437
C 0.411198139 -0.283562481 -0.098638296
O 1.199245811 1.946596146 -0.624276519
H 0.024217030 1.548088670 0.942604661
O -1.045171380 -1.662481427 -1.393047571
H 1.218162894 -0.903202653 -0.502387047
C 2.022361755 0.927544117 1.430064201
H -1.056044102 -0.784064651 1.598829746
C -0.934547782 -0.383769512 -0.737013996
