18

H 0.982968211 1.980535150 1.171522260
C 1.010724306 0.661599696 -0.788773894
C -0.458448648 0.620011926 -1.176909208
H 2.331688881 -0.284723729 0.698875427
C -0.846736908 0.735196292 0.317192733
H 0.654846966 -1.845697761 1.680891395
C 0.623638034 1.147687674 0.609836578
H -1.850570440 -1.192380190 0.479200602
H -0.562785149 -0.534408510 -2.716473341
H 1.830768824 1.006725669 -1.411682367
H -0.708926260 1.549662590 -1.700643659
H -1.639116645 1.442920327 0.541459262
H -1.274538159 -0.533694029 2.018481255
O -0.978921950 -0.491648495 -1.859344482
C 0.337185681 -1.344918370 0.774058819
C -1.040330410 -0.650366485 0.957236946
H 0.301539451 -2.075109482 -0.031128244
C 1.287014127 -0.191392422 0.436199933
