19

H -1.564258099 -2.518886089 0.134922594
O -0.848840892 2.887663126 -0.434558719
H 0.830965221 -2.821532726 -0.310941249
H 2.299651623 -0.782491922 -0.809505105
O 1.693969846 1.635490060 0.040171377
C 1.397682071 -0.736191034 -0.188685417
C -0.477416992 0.749357879 0.577224195
H -2.274581194 -0.429601520 1.103970408
H 1.718634605 -0.874331474 0.846160412
H 0.280868381 -1.878223896 -1.663532972
C -1.282440066 1.969759822 0.216746300
H -2.331777811 1.979860783 0.606633723
C 0.423364431 -1.835691571 -0.576976120
H -0.126456350 0.965413034 1.594703436
H 1.269894123 2.477784395 -0.163430408
H 0.443112612 0.764432490 -1.356582999
C 0.775173903 0.626562297 -0.318624705
C -0.912058353 -1.662114263 0.087596238
C -1.315487027 -0.517259479 0.614709020
