21

H -1.465992451 1.200771809 1.812686086
C -0.875796914 -0.641514540 0.835044324
C 0.694540620 1.335546255 1.763086796
C 0.308122277 -1.515935659 0.441777229
H 1.344591975 -1.452841043 -1.492078304
H -1.968320489 0.815787196 -0.519312382
H 1.972462177 -0.314997584 -0.319575578
C -0.593578994 -0.102470465 -2.520660877
H 0.706282973 2.429668188 1.644641399
H 1.566393018 0.944202542 1.245443344
C -1.004960895 0.476423681 -0.174584106
H 0.955297291 -1.742287040 1.287905335
H -1.343998313 0.636676908 -2.896518707
C 1.060822129 -0.777279913 -0.683056831
H -1.759115934 -1.133418202 1.228380203
O -0.388430357 -1.113468170 -3.142124891
C -0.627907634 0.787860990 1.263212562
C 0.089283630 0.293585956 -1.228808999
H 0.808587074 1.123026848 2.829608917
H -0.077592984 -2.474118471 0.074749589
H 0.599311709 1.224780917 -1.449814916
