18

H -0.846652150 1.393892169 1.425853729
H -1.120445848 -0.264569968 2.037625551
H -2.024327040 0.319797814 -3.327158451
C 0.827667713 0.060176320 1.134288669
H 1.969123125 -0.180892453 -0.819788873
C -1.809815645 -0.550285995 -2.701617002
H -1.886391401 -1.427834749 -3.348111391
O -1.243923783 -0.056069598 -0.007532132
C -0.268795192 -0.286357582 -0.954555213
N -0.463750690 -0.467756927 -2.184534311
H 1.727702975 1.796770215 2.004231691
H 2.821254492 0.433209836 1.778999567
C -0.659379303 0.339198560 1.240612030
H 1.639722228 0.409883678 3.088290215
H -2.583331347 -0.611065388 -1.932564855
C 1.811433434 0.707158625 2.054276705
C 1.054432392 -0.317797929 -0.262968391
O 1.055475593 -1.297456503 0.774653077
