14

C -0.442972302 -1.020854115 0.316858858
C 0.073281862 -0.563981473 -1.071433067
C 0.023750653 0.913499296 -0.524289906
H 1.093742609 -0.917242944 -1.192637086
H 0.671191633 -0.050159108 2.842403412
C -0.272266954 0.408686191 0.896793902
C 0.865590930 0.493205935 1.889580250
O -0.834018588 -2.056733370 0.754777908
H -1.183986306 0.757597029 1.387875915
H -0.785210907 1.505222321 -0.965130866
O 1.898046255 1.067152619 1.692147732
C -0.710962772 -0.881087124 -2.253873587
N -1.362743497 -1.100097418 -3.163809299
H 0.966557682 1.444791913 -0.609263957
