15

H 1.134763002 1.009671450 -1.643025398
C -0.786079109 -0.326537579 -1.407493234
N -0.763123631 -0.078189597 0.975557685
C -0.633039236 -1.087342620 -0.074506469
C -1.442291498 1.062045574 0.367624611
H -1.148521304 1.993966699 0.848174751
N -1.009661317 1.073484421 -1.041609049
H -1.130373716 -0.705076694 -2.364219904
H -0.824338436 -2.131633997 0.136463553
H 3.706431627 -0.906624258 2.022938013
C 0.362007409 0.545623183 -1.058336020
H -2.522970200 0.944345653 0.423789114
C 2.786516428 -0.705663741 1.531695127
C 1.746249676 -0.469024092 0.982797086
C 0.524430394 -0.219044417 0.300150126
