16

C 1.259204865 2.535361290 -0.334349692
O 0.232620567 -0.295516789 1.786193490
H -1.802051425 1.000413299 -1.384013653
C 0.102890141 -2.179818630 0.381156802
C 0.058102585 0.173451990 -0.619870007
H 1.674995184 -0.804707646 0.416187763
C 0.573413551 -0.739803195 0.501922727
H -1.952312350 -0.633838415 -0.744053960
H 0.348259628 -0.290651530 -1.571876287
C -1.478149056 0.325573593 -0.591725409
C 0.722677529 1.475633383 -0.499884248
H -1.798606515 0.734320879 0.366495252
H 1.737537980 3.487900019 -0.220060259
H 0.442509592 0.648869514 1.807959199
O -0.292285502 -2.682390213 -0.631556511
H 0.171192914 -2.754797459 1.337474585
