22

H -1.783149004 -1.751791835 -0.740855992
H 2.264412880 -2.598584414 0.453968197
H -2.904819489 1.705445647 1.085221887
C 2.309887648 -1.780969143 -0.276151687
N -1.110566497 -0.151311189 0.580241501
C 0.011588653 -1.078368783 0.435784727
H -0.746071398 -0.495511591 -1.557946920
H 4.183146477 -2.014304876 -0.733066022
C -2.243924618 1.963744760 0.246541709
H -2.861527920 3.790946484 0.050163284
C 1.429336071 -0.627706409 0.183543295
C -0.907694221 1.276024938 0.432168335
H 1.473911405 0.170506805 -0.564095497
H -0.447293222 1.665344954 1.353927255
H -2.725504160 1.601060987 -0.678033054
O -2.006674290 3.357861519 0.186620623
H 1.919708014 -2.185286999 -1.229324102
O 3.634277821 -1.282441020 -0.421518117
H -0.258491009 1.551517129 -0.398885220
H 1.861537099 -0.218610927 1.093960881
C -1.033231139 -0.985678077 -0.629140615
H -0.058859035 -1.911888003 1.126875639
