20

C 0.331098139 1.508966208 -1.401857495
H 0.402624309 -2.290056944 -0.664901316
H -1.679555058 0.029362418 -2.152527571
C 1.731084108 1.003318191 2.117154360
H -1.344361305 -0.188824430 1.989672303
H 1.222217441 -2.371261597 0.910422385
C -0.351083636 0.387597084 -0.690698147
H -2.560248137 0.876632035 -0.148878381
H -0.404951125 2.113290071 -1.968970418
C 1.052054644 0.348494381 1.373681903
H 1.952225804 -1.486005425 -0.434230179
C 1.005085945 -1.727871180 0.052322455
C -1.220280886 -0.652092099 1.021811008
H 0.829582334 2.175016403 -0.686663747
H -1.596329212 -1.675347924 1.034394503
C 0.264728814 -0.478592843 0.472414106
H 1.078321338 1.142135262 -2.096983910
C -1.714911580 0.209308922 -0.129086435
H 2.313966036 1.583936810 2.776060343
N -1.311268449 -0.508005023 -1.373136044
