19

O -2.361413479 1.293916106 -1.257868767
H 0.989791036 -1.597364783 0.744660079
H -1.076668739 -0.524510682 1.728752375
C -0.849271595 0.404923767 1.197814226
H -0.202675343 0.979034126 1.856534958
H 1.326751709 -1.676487327 -1.718284845
H -3.659803867 2.045560122 0.111803100
C 1.193854451 -0.673038781 0.185042486
C -2.720738411 1.506975412 -0.123872660
H 3.622222662 -1.940718055 -1.507851958
H -0.753827929 -0.511406004 -0.751189232
H 0.100737929 1.004146099 -0.648962796
O 3.136757612 -1.709110141 -0.703741431
H 2.181832314 -0.131080821 -1.646745920
C -0.105508834 0.079738297 -0.105656937
N -2.081882238 1.148535371 1.020985246
C 1.952154875 -1.039007545 -1.075408936
H 1.850036383 -0.077199005 0.816537738
H -2.542348623 1.417093992 1.877453327
