20

N 0.063961498 1.360539913 -0.723278642
C 0.427178979 -1.016359806 -1.808797717
H 0.229560718 0.471091598 2.513642073
C 0.266318500 -0.189256117 -0.584596038
H 2.160164833 1.526892066 -1.153059840
C 1.492003441 1.560132384 -0.275767118
H -2.656963348 -1.237957597 0.008155935
C -0.810645282 -0.268111557 0.540193319
H -1.580143929 -2.230000257 0.997082829
C 0.216330931 0.393503428 1.441713095
H 0.621089041 -2.063818693 -1.554512501
C -0.706812620 1.216846704 0.535758615
C 1.392044425 0.212941766 0.449844956
H -2.475706816 -0.902744472 1.717393041
H -0.474079639 -0.986050367 -2.418679476
H 1.257977962 -0.664755523 -2.420200348
H -1.396649718 1.982532740 0.886692762
H 1.682863951 2.468012571 0.293289900
H 2.227941275 -0.421511441 0.723160625
C -1.936434031 -1.211927891 0.831964493
