19

C -0.978684962 0.977341413 0.993688047
H -1.917745948 0.452007383 1.193876982
C 0.588399947 -1.054159164 0.594127536
O -1.761826396 1.649975896 -1.220108867
C 1.214505911 0.238277644 0.143278986
C 0.579070270 1.064054489 -0.964722693
H -0.984759450 -2.512446880 0.466779411
H 1.048799872 2.055435658 -0.957350910
C -0.878941298 1.293476939 -0.508496821
H 0.079854704 -2.491731644 -0.913789928
O 0.692032576 0.602078021 -2.276933908
H 0.673225641 0.324191689 2.356977224
H 1.292686105 -1.686299205 1.123619437
H 0.383349657 -0.310314685 -2.301065445
H -1.029574633 1.927598000 1.536971211
H 2.285647154 0.351600945 0.298936546
H -1.147266626 -1.236076832 -0.715139747
C 0.286226332 0.213527828 1.341671824
C -0.424999118 -1.858537436 -0.192319244
