17

C 0.368209720 -0.632503510 -0.200390860
O -0.048502788 1.236419559 2.783816338
O -0.381261975 -0.921344399 2.062744379
H 1.392709970 -0.377192974 -1.804546952
H -1.338336349 -0.884156823 -1.420958757
H 2.184809923 0.314658195 0.846727788
C -0.921245635 1.241937876 -1.332719564
H -0.619073927 1.993803978 -0.590673327
C 0.209954783 0.335969239 2.067836761
H -0.217600688 1.287346840 -2.174517155
C 0.545339346 -1.389461994 1.060534477
H -1.891215563 1.540014029 -1.714540243
H 0.987827778 -2.345942020 1.193410873
C -0.979450762 -0.148144528 -0.690606356
H -1.693841934 -0.147057310 0.127356663
C 1.167395592 0.004806367 0.973440230
O 1.234282494 -1.109151959 -1.186913967
