17

N -0.267196953 1.018905997 -1.957576275
C 0.996953070 -1.224086165 -0.024525866
C 0.378853172 1.013603330 1.492172360
C -0.284365267 -1.342000008 -0.908383369
C -0.190325037 0.157902896 -1.040174007
H 1.132730603 -2.013423443 0.718475163
C 0.083675653 -0.030040840 0.449434072
O -0.114518926 2.328022718 -1.419627666
H -0.501554370 -2.072714090 -1.684982181
H 1.274492383 1.575009465 1.229979515
H -1.063131213 -1.851606250 1.156274915
H -0.453197688 1.724622369 1.573362112
H -0.243266568 2.871879578 -2.205841541
H -2.101210117 -0.653687358 0.271376550
C -1.103892922 -1.067898035 0.395648599
H 1.923446417 -0.979363918 -0.525838315
H 0.532508075 0.544873357 2.480226278
