22

H 2.021185160 0.462644577 2.623271942
C 1.023693323 0.082123533 2.393947363
C -1.090079665 1.378818512 -0.979901791
H 1.825419664 -1.173941255 0.779873848
C 0.905381799 -0.999529362 1.333021879
H -2.202007771 -0.797031641 1.098653555
C -1.542280436 -0.336933255 0.374221116
H -0.665599644 2.329085588 -0.617048979
C -1.068385720 -0.981645584 -0.945818245
H 0.511903524 -0.128710762 3.342633247
H 1.753768086 1.210486531 -1.490270734
H 0.927239656 0.425302088 -2.832783699
C 1.161221623 0.336157292 -1.761173248
H 1.805997372 -0.534665763 -1.646571040
O 0.278716415 1.003126025 1.566972852
H -1.808042169 -1.027607799 -1.754043102
C -0.056345545 -0.010100621 0.625469625
H -0.584514856 -1.951810956 -0.817869961
H -1.516575217 1.531083345 -1.962867379
H 0.479927629 -1.954995155 1.640687943
O -2.082068443 0.912311852 -0.053232130
C -0.078554735 0.225832477 -0.917173445
