16

H 0.555618167 1.578971386 -0.227450848
C 0.711031437 0.496220917 -0.235898912
C -2.439462662 -1.312811017 0.168588728
H 3.312391520 0.572302103 0.142065883
O 1.433452010 0.060510729 0.868053854
C 2.658022881 0.712924838 1.008431435
C -1.556874514 0.023667408 -1.405391216
O -1.426744223 0.670531988 -2.398506880
N -1.143314362 -0.912398458 0.640538514
H -2.506240129 -2.393000126 0.068973459
O -2.652943134 -0.715947509 -1.107463837
C -0.632397890 -0.156374261 -0.253612310
H 1.223390341 0.274168998 -1.178942442
H -3.221733570 -0.981299281 0.852981627
H 3.154481411 0.293658227 1.885984302
H 2.531322241 1.788874507 1.171648502
