21

H -1.504976988 2.283332109 0.315052092
C 1.537626863 -0.204828590 0.348812938
C 0.378269166 0.110079959 -0.586063087
C 2.865409374 0.340306848 -0.172930315
H 0.541115165 -0.384573549 -1.556224942
H -1.059291720 -2.568364859 0.381488681
H -2.412455082 -0.427340508 1.570890188
H 3.692426205 0.112526901 0.507740915
C -1.135060549 1.456556559 -0.277010292
O -1.828529477 -2.185442686 0.787015617
H 2.814670563 1.408299804 -0.298707843
C -1.492605448 -0.852595508 1.147926092
H 1.589146495 -1.289310932 0.473376393
H 3.112860680 -0.095037892 -1.148751497
H -1.792651415 0.383226454 -2.110222101
O 0.188414484 1.542183161 -0.782475352
H 1.326971650 0.229601040 1.328093171
C -1.995243907 0.527226508 -1.065138340
H -0.736192882 -0.840851367 1.942342639
C -1.053254247 -0.025975566 -0.017438503
H -3.036648512 0.480982691 -0.787776530
