23

C -0.651246667 -1.337617874 1.286226034
H -0.960510671 -2.267304420 0.821392477
H 2.242027283 1.182228684 -1.962713480
H -1.052094102 -1.325070262 2.298521996
C 0.711395681 -0.050703600 -1.004266858
H 1.279540539 -0.982320845 2.283145428
C 1.147371054 1.066933990 -1.949688196
H -0.249660626 1.174459577 2.033374071
H 0.831892252 0.859338284 -2.978018522
C -0.834240913 -0.267051578 -0.981788993
H -1.136936545 -1.234933496 -1.381695867
O -2.568222761 0.073488966 0.784465969
H -1.343152404 0.503976285 -1.567792177
C 1.029183626 0.229721323 0.487465680
H -2.904437542 0.760737598 0.196795091
H -0.380607605 1.945724487 0.445847183
H 1.440559149 -1.914279819 0.790203989
H 1.988695145 0.730347514 0.639947832
H 1.221405268 -0.966159999 -1.318927646
H 0.717498004 2.033313513 -1.675368428
C -1.197081208 -0.115047850 0.518463492
C -0.219199941 0.996869624 0.964302957
C 0.887822688 -1.096649647 1.270107865
