16

H -0.518951654 0.912343740 -1.407644749
C 0.100559235 0.409210205 -0.649151921
O 0.654881001 -0.750787973 -1.196578145
C 2.061222553 -0.864264727 -1.091276288
H 0.325686872 -1.455858707 1.097050428
C -1.363307595 1.201811314 1.186380506
H 2.564595461 -0.013821451 -1.546995521
O -0.011640538 -0.664496183 1.533208489
C -1.814546347 2.209580898 1.653302670
H 2.333009720 -1.775283337 -1.646701217
H -2.226162672 3.091764450 2.084242582
C -0.786206841 0.012015067 0.560882628
C -1.877105832 -0.870974898 0.073247313
N -2.705105305 -1.588389635 -0.300225973
H 0.858662367 1.104802728 -0.292495489
H 2.404409885 -0.957651496 -0.057245009
