23

H -0.593907475 -0.731119394 1.436904311
C 1.281737447 0.299495429 1.175761580
H 0.306195408 -3.363417149 -1.590783834
H -0.994613290 3.208194971 0.697226942
H 1.225054383 0.510168731 2.242851973
H -1.980292678 0.931571841 0.535527408
H -0.060722411 -2.146803856 -2.812761784
H -1.378896594 -2.313697815 -0.053193267
H -1.737381220 -1.087647676 -1.267560601
H -1.301946163 -3.306798697 -2.334061623
C -0.472441733 -2.694133759 -1.976636291
C -0.941138387 -1.746486902 -0.892470300
H 2.758025885 1.823024750 0.732917488
C 1.759284973 1.525381207 0.410796702
H 1.817094803 1.277519822 -0.656113744
O 0.917876482 2.645835161 0.603233039
H 1.991389513 -0.538276792 1.037840962
C -0.410504162 2.333709240 0.969985187
C -0.926816165 1.087071538 0.281979442
O 0.169709221 -0.997055352 -0.453695536
H -0.478444159 2.213649511 2.067067385
H -0.872126102 1.223789215 -0.806724608
C -0.077137679 -0.153973937 0.651909351
