22

H -0.125797436 -0.229018137 -2.427697897
O -0.983786762 1.641118884 -2.650489092
O -2.630843639 -0.480577499 -1.923431396
H 2.962839842 -0.529878438 1.987930417
C -0.065963022 0.782895148 -2.015770435
H -0.091471404 1.747328639 -0.122775912
H -1.702792764 0.411632687 0.946840703
C 2.035963774 -1.084739804 2.180728674
H 0.739585638 0.625505030 2.119554996
C 0.822698414 -0.347728640 1.630769730
H -3.433680058 -0.445666432 -0.059662510
C 0.902980864 -0.153722018 0.116868839
H 0.938298345 1.171167612 -2.230311632
H -1.809008598 1.143901110 -2.677881241
H 0.879179120 -1.133563876 -0.368090212
N -1.536705732 0.273059368 -0.037866779
H 1.957085490 -1.215658426 3.274471998
H -0.079577871 -0.910995841 1.880159974
H 2.148973227 -2.067723513 1.726344347
H 1.852460265 0.319114387 -0.143204704
C -0.210845515 0.732868254 -0.483409643
C -2.569591999 -0.249318078 -0.723077357
