23

H 1.700564742 -1.634727120 -0.255900204
C 0.521614492 0.704667389 0.001802145
H 1.791005969 0.157571882 1.746340990
C -1.371275902 -0.864055037 -0.729166806
H -0.991534770 1.267239928 1.332585454
H 1.249202847 3.116433620 1.108541369
H 0.749185264 2.248676300 2.571444750
N 0.860971630 1.235827684 -1.305965185
H -2.064976692 -0.169475704 -0.248513505
H 2.673849106 1.138837218 0.550128400
C 0.892609537 2.159500360 1.488460660
C 1.699986219 0.942880809 0.999101520
C -1.938199401 -2.274947643 -0.702274263
H 0.033420853 1.620051265 -1.726151466
H -1.237939596 -2.978966713 -1.168619633
C -0.016603583 -0.725540519 -0.043604758
H 1.252496600 0.508630037 -1.879356742
H -2.880694151 -2.337602139 -1.231929183
H -0.128551990 -1.100234389 0.978339374
N -0.310965210 1.692889214 0.713223517
H -1.270051241 -0.521444261 -1.758593321
O 0.891554892 -1.568994522 -0.753136575
H -2.105669737 -2.617217064 0.313243061
