18

O 1.135618687 -3.570971727 -0.877211630
H -2.323026896 1.526266456 1.230774164
H -1.303464055 0.304245055 2.114864588
H -0.269841403 1.585078955 -1.932036638
C -1.342385173 1.077854395 1.363027692
H 2.752802849 -2.242923498 -0.662379324
C 1.797253966 -2.518292665 -0.181186378
C 0.304624349 -0.322210431 0.036101382
H -1.702245831 0.569589615 -1.668619633
C -0.516267955 0.874090970 0.105686955
C -1.076414347 1.347213984 -1.230962276
H 0.867600977 -3.207257748 -1.728663921
H -1.687305331 2.237075329 -1.082985044
C 0.978578150 -1.308544159 -0.043920387
H 2.030862808 -2.927883387 0.798517346
H -0.267940223 2.945464134 0.871613443
C -0.130923569 1.913428903 1.141414285
H 0.752473533 1.717775345 1.745965719
