15

H 1.639239311 -0.812778294 -1.363155842
H -0.882046998 0.493259966 1.896002531
O 0.832454860 2.718507290 0.988294542
C -1.024229407 0.572799802 -0.434446156
C 0.449985802 0.577615559 0.038256276
C 0.789150596 -0.741313875 -0.685728610
C -0.633269668 -1.432956219 0.465561181
O 0.745536149 -1.793624401 0.291274667
H 2.317713261 1.653309226 0.131379783
H -1.170931697 -1.363831758 -1.844475985
C 1.254920840 1.742531300 0.414766192
H -1.247310519 -2.201925278 0.932344496
H -1.622180104 1.394968271 -0.765483916
C -0.708704829 0.052573714 0.929512322
C -0.740327716 -0.859135509 -0.994101346
